RecordTimeStamp,SystemIsPauseNow,LastOfflineWokerId,CurrentSystemTick
1644417523,0,-,0,
1644417523,0,-,1,
1644417523,0,-,2,
1644417523,0,-,3,
1644417523,0,-,4,
1644417523,0,-,5,
1644417523,0,-,6,
1644417523,0,-,7,
1644417524,0,-,8,
1644417524,0,-,9,
1644417524,0,-,10,
1644417524,0,-,11,
1644417524,0,-,12,
1644417524,0,-,13,
1644417524,0,-,14,
1644417524,0,-,15,
1644417524,0,-,16,
1644417524,0,-,17,
1644417524,0,-,18,
1644417525,0,-,19,
1644417525,0,-,20,
1644417525,0,-,21,
1644417525,0,-,22,
1644417525,0,-,23,
1644417525,0,-,24,
1644417525,0,-,25,
1644417525,0,-,26,
1644417525,0,-,27,
1644417525,0,-,28,
1644417526,0,-,29,
1644417526,0,-,30,
1644417526,0,-,31,
1644417526,0,-,32,
1644417526,0,-,33,
1644417526,0,-,34,
1644417526,0,-,35,
1644417526,0,-,36,
1644417526,0,-,37,
1644417527,0,-,38,
1644417527,0,-,39,
1644417527,0,-,40,
1644417527,0,-,41,
1644417527,0,-,42,
1644417527,0,-,43,
1644417527,0,-,44,
1644417527,0,-,45,
1644417527,0,-,46,
1644417527,0,-,47,
1644417527,0,-,48,
1644417528,0,-,49,
1644417528,0,-,50,
1644417528,0,-,51,
1644417528,0,-,52,
1644417528,0,-,53,
1644417528,0,-,54,
1644417528,0,-,55,
1644417528,0,-,56,
1644417528,0,-,57,
1644417528,0,-,58,
1644417528,0,-,59,
1644417528,0,-,60,
1644417529,0,-,61,
1644417529,0,-,62,
1644417529,0,-,63,
1644417529,0,-,64,
1644417529,0,-,65,
1644417529,0,-,66,
1644417529,0,-,67,
1644417530,0,-,68,
1644417530,0,-,69,
1644417530,0,-,70,
1644417530,0,-,71,
1644417530,0,-,72,
1644417530,0,-,73,
1644417531,0,-,74,
1644417531,0,-,75,
1644417531,0,-,76,
1644417531,0,-,77,
1644417531,0,-,78,
1644417531,0,-,79,
1644417531,0,-,80,
1644417532,0,-,81,
1644417532,0,-,82,
1644417532,0,-,83,
1644417532,0,-,84,
1644417532,0,-,85,
1644417532,0,-,86,
1644417532,0,-,87,
1644417533,0,-,88,
1644417533,0,-,89,
1644417533,0,-,90,
1644417533,0,-,91,
1644417534,0,-,92,
1644417534,0,-,93,
1644417534,0,-,94,
1644417534,0,-,95,
1644417535,0,-,96,
1644417535,0,-,97,
1644417535,0,-,98,
1644417535,0,-,99,
1644417535,0,-,100,
1644417536,0,-,101,
1644417536,0,-,102,
1644417536,0,-,103,
1644417536,0,-,104,
1644417536,0,-,105,
1644417536,0,-,106,
1644417537,0,-,107,
1644417537,0,-,108,
1644417537,0,-,109,
1644417537,0,-,110,
1644417537,0,-,111,
1644417538,0,-,112,
1644417538,0,-,113,
1644417538,0,-,114,
1644417538,0,-,115,
1644417538,0,-,116,
1644417538,0,-,117,
1644417538,0,-,118,
1644417539,0,-,119,
1644417539,0,-,120,
1644417539,0,-,121,
1644417539,0,-,122,
1644417539,0,-,123,
1644417539,0,-,124,
1644417539,0,-,125,
1644417540,0,-,126,
1644417540,0,-,127,
1644417540,0,-,128,
1644417540,0,-,129,
1644417540,0,-,130,
1644417540,0,-,131,
1644417541,0,-,132,
1644417541,0,-,133,
1644417541,0,-,134,
1644417541,0,-,135,
1644417541,0,-,136,
1644417541,0,-,137,
1644417542,0,-,138,
1644417542,0,-,139,
1644417542,0,-,140,
1644417542,0,-,141,
1644417543,0,-,142,
1644417543,0,-,143,
1644417543,0,-,144,
1644417543,0,-,145,
1644417543,0,-,146,
1644417543,0,-,147,
1644417544,0,-,148,
1644417544,0,-,149,
1644417544,0,-,150,
1644417544,0,-,151,
1644417544,0,-,152,
1644417544,0,-,153,
1644417545,0,-,154,
1644417545,0,-,155,
1644417545,0,-,156,
1644417545,0,-,157,
1644417545,0,-,158,
1644417545,0,-,159,
1644417546,0,-,160,
1644417546,0,-,161,
1644417546,0,-,162,
1644417546,0,-,163,
1644417546,0,-,164,
1644417547,0,-,165,
1644417547,0,-,166,
1644417547,0,-,167,
1644417547,0,-,168,
1644417548,0,-,169,
1644417548,0,-,170,
1644417548,0,-,171,
1644417548,0,-,172,
1644417548,0,-,173,
1644417548,0,-,174,
1644417549,0,-,175,
1644417549,0,-,176,
1644417549,0,-,177,
1644417549,0,-,178,
1644417549,0,-,179,
1644417549,0,-,180,
1644417549,0,-,181,
1644417549,0,-,182,
1644417550,0,-,183,
1644417550,0,-,184,
1644417550,0,-,185,
1644417550,0,-,186,
1644417550,0,-,187,
1644417550,0,-,188,
1644417550,0,-,189,
1644417551,0,-,190,
1644417551,0,-,191,
1644417551,0,-,192,
1644417551,0,-,193,
1644417551,0,-,194,
1644417551,0,-,195,
1644417552,0,-,196,
1644417552,0,-,197,
1644417552,0,-,198,
1644417552,0,-,199,
1644417552,0,-,200,
1644417552,0,-,201,
1644417552,0,-,202,
1644417553,0,-,203,
1644417553,0,-,204,
1644417553,0,-,205,
1644417553,0,-,206,
1644417553,0,-,207,
1644417553,0,-,208,
1644417554,0,-,209,
1644417554,0,-,210,
1644417554,0,-,211,
1644417554,0,-,212,
1644417554,0,-,213,
1644417554,0,-,214,
1644417555,0,-,215,
1644417555,0,-,216,
1644417555,0,-,217,
1644417555,0,-,218,
1644417555,0,-,219,
1644417555,0,-,220,
1644417556,0,-,221,
1644417556,0,-,222,
1644417556,0,-,223,
1644417556,0,-,224,
1644417556,0,-,225,
1644417556,0,-,226,
1644417557,0,-,227,
1644417557,0,-,228,
1644417557,0,-,229,
1644417557,0,-,230,
1644417557,0,-,231,
1644417557,0,-,232,
1644417558,0,-,233,
1644417558,0,-,234,
1644417558,0,-,235,
1644417558,0,-,236,
1644417558,0,-,237,
1644417558,0,-,238,
1644417559,0,-,239,
1644417559,0,-,240,
1644417559,0,-,241,
1644417559,0,-,242,
1644417559,0,-,243,
1644417559,0,-,244,
1644417560,0,-,245,
1644417560,0,-,246,
1644417560,0,-,247,
1644417560,0,-,248,
1644417560,0,-,249,
1644417560,0,-,250,
1644417560,0,-,251,
1644417561,0,-,252,
1644417561,0,-,253,
1644417561,0,-,254,
1644417561,0,-,255,
1644417561,0,-,256,
1644417562,0,-,257,
1644417562,0,-,258,
1644417562,0,-,259,
1644417562,0,-,260,
1644417562,0,-,261,
1644417562,0,-,262,
1644417562,0,-,263,
1644417563,0,-,264,
1644417563,0,-,265,
1644417563,0,-,266,
1644417563,0,-,267,
1644417563,0,-,268,
1644417564,0,-,269,
1644417564,0,-,270,
1644417564,0,-,271,
1644417564,0,-,272,
1644417564,0,-,273,
1644417564,0,-,274,
1644417565,0,-,275,
1644417565,0,-,276,
1644417565,0,-,277,
1644417565,0,-,278,
1644417565,0,-,279,
1644417566,0,-,280,
1644417566,0,-,281,
1644417566,0,-,282,
1644417566,0,-,283,
1644417566,0,-,284,
1644417566,0,-,285,
1644417567,0,-,286,
1644417567,0,-,287,
1644417567,0,-,288,
1644417567,0,-,289,
1644417568,0,-,290,
1644417568,0,-,291,
1644417568,0,-,292,
1644417568,0,-,293,
1644417568,0,-,294,
1644417568,0,-,295,
1644417569,0,-,296,
1644417569,0,-,297,
1644417569,0,-,298,
1644417569,0,-,299,
1644417569,0,-,300,
1644417569,0,-,301,
1644417569,0,-,302,
1644417570,0,-,303,
1644417570,0,-,304,
1644417570,0,-,305,
1644417570,0,-,306,
1644417570,0,-,307,
1644417570,0,-,308,
1644417570,0,-,309,
1644417571,0,-,310,
1644417571,0,-,311,
1644417571,0,-,312,
1644417571,0,-,313,
1644417571,0,-,314,
1644417572,0,-,315,
1644417572,0,-,316,
1644417572,0,-,317,
1644417572,0,-,318,
1644417572,0,-,319,
1644417572,0,-,320,
1644417573,0,-,321,
1644417573,0,-,322,
1644417573,0,-,323,
1644417573,0,-,324,
1644417574,0,-,325,
1644417574,0,-,326,
1644417574,0,-,327,
1644417574,0,-,328,
1644417574,0,-,329,
1644417574,0,-,330,
1644417574,0,-,331,
1644417575,0,-,332,
1644417575,0,-,333,
1644417575,0,-,334,
1644417575,0,-,335,
1644417575,0,-,336,
1644417576,0,-,337,
1644417576,0,-,338,
1644417576,0,-,339,
1644417576,0,-,340,
1644417576,0,-,341,
1644417576,0,-,342,
1644417577,0,-,343,
1644417577,0,-,344,
1644417577,0,-,345,
1644417577,0,-,346,
1644417577,0,-,347,
1644417577,0,-,348,
1644417578,0,-,349,
1644417578,0,-,350,
1644417578,0,-,351,
1644417578,0,-,352,
1644417578,0,-,353,
1644417579,0,-,354,
1644417579,0,-,355,
1644417579,0,-,356,
1644417579,0,-,357,
1644417579,0,-,358,
1644417579,0,-,359,
1644417580,0,-,360,
1644417580,0,-,361,
1644417580,0,-,362,
1644417580,0,-,363,
1644417580,0,-,364,
1644417580,0,-,365,
1644417580,0,-,366,
1644417581,0,-,367,
1644417581,0,-,368,
1644417581,0,-,369,
1644417581,0,-,370,
1644417581,0,-,371,
1644417581,0,-,372,
1644417581,0,-,373,
1644417582,0,-,374,
1644417582,0,-,375,
1644417582,0,-,376,
1644417582,0,-,377,
1644417582,0,-,378,
1644417583,0,-,379,
1644417583,0,-,380,
1644417583,0,-,381,
1644417583,0,-,382,
1644417583,0,-,383,
1644417583,0,-,384,
1644417584,0,-,385,
1644417584,0,-,386,
1644417584,0,-,387,
1644417584,0,-,388,
1644417585,0,-,389,
1644417585,0,-,390,
1644417585,0,-,391,
1644417585,0,-,392,
1644417585,0,-,393,
1644417585,0,-,394,
1644417586,0,-,395,
1644417586,0,-,396,
1644417586,0,-,397,
1644417586,0,-,398,
1644417586,0,-,399,
1644417586,0,-,400,
1644417586,0,-,401,
1644417587,0,-,402,
1644417587,0,-,403,
1644417587,0,-,404,
1644417587,0,-,405,
1644417587,0,-,406,
1644417587,0,-,407,
1644417588,0,-,408,
1644417588,0,-,409,
1644417588,0,-,410,
1644417588,0,-,411,
1644417588,0,-,412,
1644417589,0,-,413,
1644417589,0,-,414,
1644417589,0,-,415,
1644417589,0,-,416,
1644417589,0,-,417,
1644417589,0,-,418,
1644417590,0,-,419,
1644417590,0,-,420,
1644417590,0,-,421,
1644417590,0,-,422,
1644417590,0,-,423,
1644417590,0,-,424,
1644417591,0,-,425,
1644417591,0,-,426,
1644417591,0,-,427,
1644417591,0,-,428,
1644417591,0,-,429,
1644417591,0,-,430,
1644417592,0,-,431,
1644417592,0,-,432,
1644417592,0,-,433,
1644417592,0,-,434,
1644417592,0,-,435,
1644417592,0,-,436,
1644417593,0,-,437,
1644417593,0,-,438,
1644417593,0,-,439,
1644417593,0,-,440,
1644417593,0,-,441,
1644417593,0,-,442,
1644417593,0,-,443,
1644417593,0,-,444,
1644417594,0,-,445,
1644417594,0,-,446,
1644417594,0,-,447,
1644417594,0,-,448,
1644417594,0,-,449,
1644417595,0,-,450,
1644417595,0,-,451,
1644417595,0,-,452,
1644417595,0,-,453,
1644417595,0,-,454,
1644417595,0,-,455,
1644417596,0,-,456,
1644417596,0,-,457,
1644417596,0,-,458,
1644417596,0,-,459,
1644417597,0,-,460,
1644417597,0,-,461,
1644417597,0,-,462,
1644417597,0,-,463,
1644417597,0,-,464,
1644417598,0,-,465,
1644417598,0,-,466,
1644417598,0,-,467,
1644417598,0,-,468,
1644417598,0,-,469,
1644417599,0,-,470,
1644417599,0,-,471,
1644417599,0,-,472,
1644417599,0,-,473,
1644417599,0,-,474,
1644417600,0,-,475,
1644417600,0,-,476,
1644417600,0,-,477,
1644417600,0,-,478,
1644417600,0,-,479,
1644417600,0,-,480,
1644417600,0,-,481,
1644417601,0,-,482,
1644417601,0,-,483,
1644417601,0,-,484,
1644417601,0,-,485,
1644417601,0,-,486,
1644417601,0,-,487,
1644417602,0,-,488,
1644417602,0,-,489,
1644417602,0,-,490,
1644417602,0,-,491,
1644417602,0,-,492,
1644417603,0,-,493,
1644417603,0,-,494,
1644417603,0,-,495,
1644417603,0,-,496,
1644417603,0,-,497,
1644417603,0,-,498,
1644417604,0,-,499,
1644417604,0,-,500,
1644417604,0,-,501,
1644417604,0,-,502,
1644417604,0,-,503,
1644417604,0,-,504,
1644417604,0,-,505,
1644417605,0,-,506,
1644417605,0,-,507,
1644417605,0,-,508,
1644417605,0,-,509,
1644417605,0,-,510,
1644417605,0,-,511,
1644417606,0,-,512,
1644417606,0,-,513,
1644417606,0,-,514,
1644417606,0,-,515,
1644417606,0,-,516,
1644417607,0,-,517,
1644417607,0,-,518,
1644417607,0,-,519,
1644417607,0,-,520,
1644417607,0,-,521,
1644417607,0,-,522,
1644417607,0,-,523,
1644417608,0,-,524,
1644417608,0,-,525,
1644417608,0,-,526,
1644417608,0,-,527,
1644417609,0,-,528,
1644417609,0,-,529,
1644417609,0,-,530,
1644417610,0,-,531,
1644417610,0,-,532,
1644417610,0,-,533,
1644417610,0,-,534,
1644417610,0,-,535,
1644417610,0,-,536,
1644417611,0,-,537,
1644417611,0,-,538,
1644417611,0,-,539,
1644417611,0,-,540,
1644417611,0,-,541,
1644417611,0,-,542,
1644417612,0,-,543,
1644417612,0,-,544,
1644417612,0,-,545,
1644417612,0,-,546,
1644417612,0,-,547,
1644417613,0,-,548,
1644417613,0,-,549,
1644417613,0,-,550,
1644417613,0,-,551,
1644417613,0,-,552,
1644417614,0,-,553,
1644417614,0,-,554,
1644417614,0,-,555,
1644417614,0,-,556,
1644417614,0,-,557,
1644417614,0,-,558,
1644417614,0,-,559,
1644417614,0,-,560,
1644417615,0,-,561,
1644417615,0,-,562,
1644417615,0,-,563,
1644417615,0,-,564,
1644417615,0,-,565,
1644417615,0,-,566,
1644417616,0,-,567,
1644417616,0,-,568,
1644417616,0,-,569,
1644417616,0,-,570,
1644417617,0,-,571,
1644417617,0,-,572,
1644417617,0,-,573,
1644417617,0,-,574,
1644417618,0,-,575,
1644417618,0,-,576,
1644417618,0,-,577,
1644417618,0,-,578,
1644417618,0,-,579,
1644417619,0,-,580,
1644417619,0,-,581,
1644417619,0,-,582,
1644417619,0,-,583,
1644417620,0,-,584,
1644417620,0,-,585,
1644417620,0,-,586,
1644417621,0,-,587,
1644417621,0,-,588,
1644417621,0,-,589,
1644417621,0,-,590,
1644417622,0,-,591,
1644417622,0,-,592,
1644417622,0,-,593,
1644417622,0,-,594,
1644417622,0,-,595,
1644417622,0,-,596,
1644417622,0,-,597,
1644417623,0,-,598,
1644417623,0,-,599,
1644417623,0,-,600,
1644417623,0,-,601,
1644417623,0,-,602,
1644417623,0,-,603,
1644417624,0,-,604,
1644417624,0,-,605,
1644417624,0,-,606,
1644417624,0,-,607,
1644417624,0,-,608,
1644417625,0,-,609,
1644417625,0,-,610,
1644417625,0,-,611,
1644417625,0,-,612,
1644417625,0,-,613,
1644417625,0,-,614,
1644417625,0,-,615,
1644417625,0,-,616,
1644417626,0,-,617,
1644417626,0,-,618,
1644417626,0,-,619,
1644417626,0,-,620,
1644417627,0,-,621,
1644417627,0,-,622,
1644417627,0,-,623,
1644417627,0,-,624,
1644417627,0,-,625,
1644417627,0,-,626,
1644417627,0,-,627,
1644417627,0,-,628,
1644417628,0,-,629,
1644417628,0,-,630,
1644417628,0,-,631,
1644417628,0,-,632,
1644417629,0,-,633,
1644417629,0,-,634,
1644417629,0,-,635,
1644417629,0,-,636,
1644417630,0,-,637,
1644417630,0,-,638,
1644417630,0,-,639,
1644417630,0,-,640,
1644417630,0,-,641,
1644417630,0,-,642,
1644417631,0,-,643,
1644417631,0,-,644,
1644417631,0,-,645,
1644417631,0,-,646,
1644417632,0,-,647,
1644417632,0,-,648,
1644417632,0,-,649,
1644417632,0,-,650,
1644417632,0,-,651,
1644417632,0,-,652,
1644417632,0,-,653,
1644417633,0,-,654,
1644417633,0,-,655,
1644417633,0,-,656,
1644417633,0,-,657,
1644417633,0,-,658,
1644417633,0,-,659,
1644417633,0,-,660,
1644417634,0,-,661,
1644417634,0,-,662,
1644417634,0,-,663,
1644417634,0,-,664,
1644417634,0,-,665,
1644417634,0,-,666,
1644417635,0,-,667,
1644417635,0,-,668,
1644417635,0,-,669,
1644417635,0,-,670,
1644417635,0,-,671,
1644417635,0,-,672,
1644417636,0,-,673,
1644417636,0,-,674,
1644417636,0,-,675,
1644417636,0,-,676,
1644417636,0,-,677,
1644417637,0,-,678,
1644417637,0,-,679,
1644417637,0,-,680,
1644417637,0,-,681,
1644417637,0,-,682,
1644417637,0,-,683,
1644417637,0,-,684,
1644417638,0,-,685,
1644417638,0,-,686,
1644417638,0,-,687,
1644417638,0,-,688,
1644417638,0,-,689,
1644417639,0,-,690,
1644417639,0,-,691,
1644417639,0,-,692,
1644417639,0,-,693,
1644417639,0,-,694,
1644417640,0,-,695,
1644417640,0,-,696,
1644417640,0,-,697,
1644417640,0,-,698,
1644417640,0,-,699,
1644417641,0,-,700,
1644417641,0,-,701,
1644417641,0,-,702,
1644417641,0,-,703,
1644417641,0,-,704,
1644417641,0,-,705,
1644417642,0,-,706,
1644417642,0,-,707,
1644417642,0,-,708,
1644417642,0,-,709,
1644417642,0,-,710,
1644417642,0,-,711,
1644417642,0,-,712,
1644417643,0,-,713,
1644417643,0,-,714,
1644417643,0,-,715,
1644417643,0,-,716,
1644417643,0,-,717,
1644417644,0,-,718,
1644417644,0,-,719,
1644417644,0,-,720,
1644417644,0,-,721,
1644417644,0,-,722,
1644417644,0,-,723,
1644417644,0,-,724,
1644417644,0,-,725,
1644417645,0,-,726,
1644417645,0,-,727,
1644417645,0,-,728,
1644417645,0,-,729,
1644417645,0,-,730,
1644417646,0,-,731,
1644417646,0,-,732,
1644417646,0,-,733,
1644417646,0,-,734,
1644417646,0,-,735,
1644417646,0,-,736,
1644417647,0,-,737,
1644417647,0,-,738,
1644417647,0,-,739,
1644417647,0,-,740,
1644417647,0,-,741,
1644417648,0,-,742,
1644417648,0,-,743,
1644417648,0,-,744,
1644417648,0,-,745,
1644417648,0,-,746,
1644417648,0,-,747,
1644417649,0,-,748,
1644417649,0,-,749,
1644417649,0,-,750,
1644417649,0,-,751,
1644417650,0,-,752,
1644417650,0,-,753,
1644417650,0,-,754,
1644417650,0,-,755,
1644417650,0,-,756,
1644417650,0,-,757,
1644417650,0,-,758,
1644417650,0,-,759,
1644417651,0,-,760,
1644417651,0,-,761,
1644417651,0,-,762,
1644417651,0,-,763,
1644417651,0,-,764,
1644417651,0,-,765,
1644417651,0,-,766,
1644417652,0,-,767,
1644417652,0,-,768,
1644417652,0,-,769,
1644417652,0,-,770,
1644417652,0,-,771,
1644417652,0,-,772,
1644417653,0,-,773,
1644417653,0,-,774,
1644417653,0,-,775,
1644417653,0,-,776,
1644417653,0,-,777,
1644417654,0,-,778,
1644417654,0,-,779,
1644417654,0,-,780,
1644417654,0,-,781,
1644417655,0,-,782,
1644417655,0,-,783,
1644417655,0,-,784,
1644417655,0,-,785,
1644417655,0,-,786,
1644417655,0,-,787,
1644417655,0,-,788,
1644417655,0,-,789,
1644417655,0,-,790,
1644417656,0,-,791,
1644417656,0,-,792,
1644417656,0,-,793,
1644417656,0,-,794,
1644417657,0,-,795,
1644417657,0,-,796,
1644417657,0,-,797,
1644417657,0,-,798,
1644417657,0,-,799,
1644417657,0,-,800,
1644417657,0,-,801,
1644417658,0,-,802,
1644417658,0,-,803,
1644417658,0,-,804,
1644417658,0,-,805,
1644417658,0,-,806,
1644417658,0,-,807,
1644417658,0,-,808,
1644417659,0,-,809,
1644417659,0,-,810,
1644417659,0,-,811,
1644417659,0,-,812,
1644417660,0,-,813,
1644417660,0,-,814,
1644417660,0,-,815,
1644417660,0,-,816,
1644417660,0,-,817,
1644417660,0,-,818,
1644417661,0,-,819,
1644417661,0,-,820,
1644417661,0,-,821,
1644417662,0,-,822,
1644417662,0,-,823,
1644417662,0,-,824,
1644417662,0,-,825,
1644417662,0,-,826,
1644417662,0,-,827,
1644417662,0,-,828,
1644417663,0,-,829,
1644417663,0,-,830,
1644417663,0,-,831,
1644417663,0,-,832,
1644417663,0,-,833,
1644417663,0,-,834,
1644417664,0,-,835,
1644417664,0,-,836,
1644417664,0,-,837,
1644417664,0,-,838,
1644417665,0,-,839,
1644417665,0,-,840,
1644417665,0,-,841,
1644417665,0,-,842,
1644417665,0,-,843,
1644417666,0,-,844,
1644417666,0,-,845,
1644417666,0,-,846,
1644417666,0,-,847,
1644417666,0,-,848,
1644417667,0,-,849,
1644417667,0,-,850,
1644417667,0,-,851,
1644417667,0,-,852,
1644417667,0,-,853,
1644417668,0,-,854,
1644417668,0,-,855,
1644417668,0,-,856,
1644417668,0,-,857,
1644417668,0,-,858,
1644417669,0,-,859,
1644417669,0,-,860,
1644417669,0,-,861,
1644417669,0,-,862,
1644417669,0,-,863,
1644417670,0,-,864,
1644417670,0,-,865,
1644417670,0,-,866,
1644417670,0,-,867,
1644417670,0,-,868,
1644417670,0,-,869,
1644417671,0,-,870,
1644417671,0,-,871,
1644417671,0,-,872,
1644417671,0,-,873,
1644417671,0,-,874,
1644417671,0,-,875,
1644417672,0,-,876,
1644417672,0,-,877,
1644417672,0,-,878,
1644417672,0,-,879,
1644417672,0,-,880,
1644417672,0,-,881,
1644417673,0,-,882,
1644417673,0,-,883,
1644417673,0,-,884,
1644417674,0,-,885,
1644417674,0,-,886,
1644417674,0,-,887,
1644417674,0,-,888,
1644417674,0,-,889,
1644417675,0,-,890,
1644417675,0,-,891,
1644417675,0,-,892,
1644417675,0,-,893,
1644417675,0,-,894,
1644417675,0,-,895,
1644417676,0,-,896,
1644417676,0,-,897,
1644417676,0,-,898,
1644417676,0,-,899,
1644417676,0,-,900,
1644417676,0,-,901,
1644417677,0,-,902,
1644417677,0,-,903,
1644417677,0,-,904,
1644417677,0,-,905,
1644417677,0,-,906,
1644417677,0,-,907,
1644417677,0,-,908,
1644417678,0,-,909,
1644417678,0,-,910,
1644417678,0,-,911,
1644417678,0,-,912,
1644417679,0,-,913,
1644417679,0,-,914,
1644417679,0,-,915,
1644417679,0,-,916,
1644417679,0,-,917,
1644417679,0,-,918,
1644417680,0,-,919,
1644417680,0,-,920,
1644417680,0,-,921,
1644417680,0,-,922,
1644417680,0,-,923,
1644417680,0,-,924,
1644417680,0,-,925,
1644417681,0,-,926,
1644417681,0,-,927,
1644417681,0,-,928,
1644417681,0,-,929,
1644417681,0,-,930,
1644417681,0,-,931,
1644417682,0,-,932,
1644417682,0,-,933,
1644417682,0,-,934,
1644417682,0,-,935,
1644417683,0,-,936,
1644417683,0,-,937,
1644417683,0,-,938,
1644417683,0,-,939,
1644417683,0,-,940,
1644417683,0,-,941,
1644417683,0,-,942,
1644417683,0,-,943,
1644417683,0,-,944,
1644417684,0,-,945,
1644417684,0,-,946,
1644417684,0,-,947,
1644417684,0,-,948,
1644417684,0,-,949,
1644417685,0,-,950,
1644417685,0,-,951,
1644417685,0,-,952,
1644417685,0,-,953,
1644417685,0,-,954,
1644417685,0,-,955,
1644417686,0,-,956,
1644417686,0,-,957,
1644417686,0,-,958,
1644417686,0,-,959,
1644417686,0,-,960,
1644417686,0,-,961,
1644417686,0,-,962,
1644417686,0,-,963,
1644417687,0,-,964,
1644417687,0,-,965,
1644417687,0,-,966,
1644417687,0,-,967,
1644417687,0,-,968,
1644417687,0,-,969,
1644417687,0,-,970,
1644417688,0,-,971,
1644417688,0,-,972,
1644417688,0,-,973,
1644417688,0,-,974,
1644417688,0,-,975,
1644417688,0,-,976,
1644417688,0,-,977,
1644417689,0,-,978,
1644417689,0,-,979,
1644417689,0,-,980,
1644417689,0,-,981,
1644417689,0,-,982,
1644417689,0,-,983,
1644417690,0,-,984,
1644417690,0,-,985,
1644417690,0,-,986,
1644417691,0,-,987,
1644417691,0,-,988,
1644417691,0,-,989,
1644417691,0,-,990,
1644417691,0,-,991,
1644417691,0,-,992,
1644417691,0,-,993,
1644417692,0,-,994,
1644417692,0,-,995,
1644417692,0,-,996,
1644417692,0,-,997,
1644417692,0,-,998,
1644417692,0,-,999,
1644417693,0,-,1000,
1644417693,0,-,1001,
1644417693,0,-,1002,
1644417693,0,-,1003,
1644417693,0,-,1004,
1644417693,0,-,1005,
1644417693,0,-,1006,
1644417693,0,-,1007,
1644417694,0,-,1008,
1644417694,0,-,1009,
1644417694,0,-,1010,
1644417694,0,-,1011,
1644417694,0,-,1012,
1644417695,0,-,1013,
1644417695,0,-,1014,
1644417695,0,-,1015,
1644417695,0,-,1016,
1644417695,0,-,1017,
1644417695,0,-,1018,
1644417696,0,-,1019,
1644417696,0,-,1020,
1644417696,0,-,1021,
1644417696,0,-,1022,
1644417696,0,-,1023,
1644417696,0,-,1024,
1644417697,0,-,1025,
1644417697,0,-,1026,
1644417697,0,-,1027,
1644417697,0,-,1028,
1644417697,0,-,1029,
1644417698,0,-,1030,
1644417698,0,-,1031,
1644417698,0,-,1032,
1644417698,0,-,1033,
1644417698,0,-,1034,
1644417698,0,-,1035,
1644417699,0,-,1036,
1644417699,0,-,1037,
1644417699,0,-,1038,
1644417699,0,-,1039,
1644417699,0,-,1040,
1644417699,0,-,1041,
1644417700,0,-,1042,
1644417700,0,-,1043,
1644417700,0,-,1044,
1644417700,0,-,1045,
1644417700,0,-,1046,
1644417700,0,-,1047,
1644417701,0,-,1048,
1644417701,0,-,1049,
1644417701,0,-,1050,
1644417701,0,-,1051,
1644417702,0,-,1052,
1644417702,0,-,1053,
1644417702,0,-,1054,
1644417702,0,-,1055,
1644417703,0,-,1056,
1644417703,0,-,1057,
1644417703,0,-,1058,
1644417703,0,-,1059,
1644417703,0,-,1060,
1644417703,0,-,1061,
1644417703,0,-,1062,
1644417703,0,-,1063,
1644417704,0,-,1064,
1644417704,0,-,1065,
1644417704,0,-,1066,
1644417704,0,-,1067,
1644417704,0,-,1068,
1644417704,0,-,1069,
1644417704,0,-,1070,
1644417704,0,-,1071,
1644417705,0,-,1072,
1644417705,0,-,1073,
1644417705,0,-,1074,
1644417705,0,-,1075,
1644417705,0,-,1076,
1644417705,0,-,1077,
1644417705,0,-,1078,
1644417705,0,-,1079,
1644417706,0,-,1080,
1644417706,0,-,1081,
1644417706,0,-,1082,
1644417706,0,-,1083,
1644417706,0,-,1084,
1644417706,0,-,1085,
1644417707,0,-,1086,
1644417707,0,-,1087,
1644417707,0,-,1088,
1644417707,0,-,1089,
1644417707,0,-,1090,
1644417707,0,-,1091,
1644417707,0,-,1092,
1644417707,0,-,1093,
1644417707,0,-,1094,
1644417708,0,-,1095,
1644417708,0,-,1096,
1644417708,0,-,1097,
1644417708,0,-,1098,
1644417708,0,-,1099,
1644417709,0,-,1100,
1644417709,0,-,1101,
1644417710,0,-,1102,
1644417710,0,-,1103,
1644417710,0,-,1104,
1644417710,0,-,1105,
1644417710,0,-,1106,
1644417710,0,-,1107,
1644417710,0,-,1108,
1644417710,0,-,1109,
1644417710,0,-,1110,
1644417710,0,-,1111,
1644417710,0,-,1112,
1644417710,0,-,1113,
1644417711,0,-,1114,
1644417711,0,-,1115,
1644417711,0,-,1116,
1644417711,0,-,1117,
1644417711,0,-,1118,
1644417712,0,-,1119,
1644417712,0,-,1120,
1644417712,0,-,1121,
1644417712,0,-,1122,
1644417712,0,-,1123,
1644417713,0,-,1124,
1644417713,0,-,1125,
1644417713,0,-,1126,
1644417713,0,-,1127,
1644417713,0,-,1128,
1644417713,0,-,1129,
1644417714,0,-,1130,
1644417714,0,-,1131,
1644417714,0,-,1132,
1644417714,0,-,1133,
1644417714,0,-,1134,
1644417715,0,-,1135,
1644417715,0,-,1136,
1644417715,0,-,1137,
1644417715,0,-,1138,
1644417715,0,-,1139,
1644417715,0,-,1140,
1644417715,0,-,1141,
1644417715,0,-,1142,
1644417716,0,-,1143,
1644417716,0,-,1144,
1644417716,0,-,1145,
1644417716,0,-,1146,
1644417716,0,-,1147,
1644417716,0,-,1148,
1644417716,0,-,1149,
1644417717,0,-,1150,
1644417717,0,-,1151,
1644417717,0,-,1152,
1644417717,0,-,1153,
1644417718,0,-,1154,
1644417718,0,-,1155,
1644417718,0,-,1156,
1644417718,0,-,1157,
1644417719,0,-,1158,
1644417719,0,-,1159,
1644417719,0,-,1160,
1644417719,0,-,1161,
1644417719,0,-,1162,
1644417719,0,-,1163,
1644417719,0,-,1164,
1644417719,0,-,1165,
1644417720,0,-,1166,
1644417720,0,-,1167,
1644417720,0,-,1168,
1644417720,0,-,1169,
1644417720,0,-,1170,
1644417720,0,-,1171,
1644417721,0,-,1172,
1644417721,0,-,1173,
1644417721,0,-,1174,
1644417721,0,-,1175,
1644417721,0,-,1176,
1644417722,0,-,1177,
1644417722,0,-,1178,
1644417722,0,-,1179,
1644417722,0,-,1180,
1644417722,0,-,1181,
1644417722,0,-,1182,
1644417722,0,-,1183,
1644417722,0,-,1184,
1644417722,0,-,1185,
1644417722,0,-,1186,
1644417722,0,-,1187,
1644417723,0,-,1188,
1644417723,0,-,1189,
1644417723,0,-,1190,
1644417723,0,-,1191,
1644417723,0,-,1192,
1644417723,0,-,1193,
1644417723,0,-,1194,
1644417724,0,-,1195,
1644417724,0,-,1196,
1644417724,0,-,1197,
1644417724,0,-,1198,
1644417724,0,-,1199,
1644417724,0,-,1200,
1644417724,0,-,1201,
1644417724,0,-,1202,
1644417724,0,-,1203,
1644417724,0,-,1204,
1644417724,0,-,1205,
1644417724,0,-,1206,
1644417725,0,-,1207,
1644417725,0,-,1208,
1644417725,0,-,1209,
1644417725,0,-,1210,
1644417725,0,-,1211,
1644417725,0,-,1212,
1644417725,0,-,1213,
1644417725,0,-,1214,
1644417725,0,-,1215,
1644417726,0,-,1216,
1644417726,0,-,1217,
1644417726,0,-,1218,
1644417726,0,-,1219,
1644417727,0,-,1220,
1644417727,0,-,1221,
1644417727,0,-,1222,
1644417727,0,-,1223,
1644417727,0,-,1224,
1644417727,0,-,1225,
1644417727,0,-,1226,
1644417727,0,-,1227,
1644417728,0,-,1228,
1644417728,0,-,1229,
1644417728,0,-,1230,
1644417728,0,-,1231,
1644417728,0,-,1232,
1644417729,0,-,1233,
1644417729,0,-,1234,
1644417729,0,-,1235,
1644417729,0,-,1236,
1644417729,0,-,1237,
1644417730,0,-,1238,
1644417730,0,-,1239,
1644417730,0,-,1240,
1644417730,0,-,1241,
1644417730,0,-,1242,
1644417730,0,-,1243,
1644417731,0,-,1244,
1644417731,0,-,1245,
1644417731,0,-,1246,
1644417731,0,-,1247,
1644417731,0,-,1248,
1644417731,0,-,1249,
1644417731,0,-,1250,
1644417731,0,-,1251,
1644417731,0,-,1252,
1644417732,0,-,1253,
1644417732,0,-,1254,
1644417732,0,-,1255,
1644417732,0,-,1256,
1644417732,0,-,1257,
1644417733,0,-,1258,
1644417733,0,-,1259,
1644417733,0,-,1260,
1644417733,0,-,1261,
1644417733,0,-,1262,
1644417733,0,-,1263,
1644417733,0,-,1264,
1644417734,0,-,1265,
1644417734,0,-,1266,
1644417734,0,-,1267,
1644417735,0,-,1268,
1644417735,0,-,1269,
1644417735,0,-,1270,
1644417735,0,-,1271,
1644417736,0,-,1272,
1644417736,0,-,1273,
1644417736,0,-,1274,
1644417736,0,-,1275,
1644417736,0,-,1276,
1644417736,0,-,1277,
1644417736,0,-,1278,
1644417736,0,-,1279,
1644417736,0,-,1280,
1644417736,0,-,1281,
1644417737,0,-,1282,
1644417737,0,-,1283,
1644417737,0,-,1284,
1644417737,0,-,1285,
1644417737,0,-,1286,
1644417737,0,-,1287,
1644417738,0,-,1288,
1644417738,0,-,1289,
1644417738,0,-,1290,
1644417738,0,-,1291,
1644417738,0,-,1292,
1644417738,0,-,1293,
1644417738,0,-,1294,
1644417739,0,-,1295,
1644417739,0,-,1296,
1644417739,0,-,1297,
1644417739,0,-,1298,
1644417739,0,-,1299,
1644417739,0,-,1300,
1644417739,0,-,1301,
1644417740,0,-,1302,
1644417740,0,-,1303,
1644417740,0,-,1304,
1644417740,0,-,1305,
1644417740,0,-,1306,
1644417740,0,-,1307,
1644417740,0,-,1308,
1644417741,0,-,1309,
1644417741,0,-,1310,
1644417741,0,-,1311,
1644417742,0,-,1312,
1644417742,0,-,1313,
1644417742,0,-,1314,
1644417742,0,-,1315,
1644417742,0,-,1316,
1644417742,0,-,1317,
1644417742,0,-,1318,
1644417742,0,-,1319,
1644417743,0,-,1320,
1644417743,0,-,1321,
1644417743,0,-,1322,
1644417743,0,-,1323,
1644417743,0,-,1324,
1644417744,0,-,1325,
1644417744,0,-,1326,
1644417745,0,-,1327,
1644417745,0,-,1328,
1644417745,0,-,1329,
1644417745,0,-,1330,
1644417745,0,-,1331,
1644417745,0,-,1332,
1644417745,0,-,1333,
1644417746,0,-,1334,
1644417746,0,-,1335,
1644417746,0,-,1336,
1644417746,0,-,1337,
1644417746,0,-,1338,
1644417747,0,-,1339,
1644417747,0,-,1340,
1644417747,0,-,1341,
1644417747,0,-,1342,
1644417747,0,-,1343,
1644417747,0,-,1344,
1644417748,0,-,1345,
1644417748,0,-,1346,
1644417748,0,-,1347,
1644417749,0,-,1348,
1644417749,0,-,1349,
1644417749,0,-,1350,
1644417749,0,-,1351,
1644417749,0,-,1352,
1644417749,0,-,1353,
1644417749,0,-,1354,
1644417749,0,-,1355,
1644417750,0,-,1356,
1644417750,0,-,1357,
1644417751,0,-,1358,
1644417751,0,-,1359,
1644417751,0,-,1360,
1644417751,0,-,1361,
1644417751,0,-,1362,
1644417752,0,-,1363,
1644417752,0,-,1364,
1644417752,0,-,1365,
1644417752,0,-,1366,
1644417752,0,-,1367,
1644417752,0,-,1368,
1644417752,0,-,1369,
1644417753,0,-,1370,
1644417753,0,-,1371,
1644417753,0,-,1372,
1644417753,0,-,1373,
1644417753,0,-,1374,
1644417753,0,-,1375,
1644417753,0,-,1376,
1644417753,0,-,1377,
1644417754,0,-,1378,
1644417754,0,-,1379,
1644417754,0,-,1380,
1644417754,0,-,1381,
1644417754,0,-,1382,
1644417754,0,-,1383,
1644417754,0,-,1384,
1644417754,0,-,1385,
1644417754,0,-,1386,
1644417754,0,-,1387,
1644417755,0,-,1388,
1644417755,0,-,1389,
1644417755,0,-,1390,
1644417755,0,-,1391,
1644417755,0,-,1392,
1644417755,0,-,1393,
1644417755,0,-,1394,
1644417755,0,-,1395,
1644417756,0,-,1396,
1644417756,0,-,1397,
1644417756,0,-,1398,
1644417756,0,-,1399,
1644417756,0,-,1400,
1644417757,0,-,1401,
1644417757,0,-,1402,
1644417757,0,-,1403,
1644417757,0,-,1404,
1644417757,0,-,1405,
1644417757,0,-,1406,
1644417758,0,-,1407,
1644417758,0,-,1408,
1644417758,0,-,1409,
1644417758,0,-,1410,
1644417758,0,-,1411,
1644417758,0,-,1412,
1644417758,0,-,1413,
1644417758,0,-,1414,
1644417758,0,-,1415,
1644417758,0,-,1416,
1644417758,0,-,1417,
1644417759,0,-,1418,
1644417759,0,-,1419,
1644417760,0,-,1420,
1644417760,0,-,1421,
1644417760,0,-,1422,
1644417760,0,-,1423,
1644417760,0,-,1424,
1644417760,0,-,1425,
1644417760,0,-,1426,
1644417760,0,-,1427,
1644417761,0,-,1428,
1644417761,0,-,1429,
1644417761,0,-,1430,
1644417761,0,-,1431,
1644417761,0,-,1432,
1644417762,0,-,1433,
1644417762,0,-,1434,
1644417762,0,-,1435,
1644417762,0,-,1436,
1644417762,0,-,1437,
1644417762,0,-,1438,
1644417762,0,-,1439,
1644417762,0,-,1440,
1644417762,0,-,1441,
1644417763,0,-,1442,
1644417763,0,-,1443,
1644417763,0,-,1444,
1644417763,0,-,1445,
1644417763,0,-,1446,
1644417763,0,-,1447,
1644417763,0,-,1448,
1644417764,0,-,1449,
1644417764,0,-,1450,
1644417764,0,-,1451,
1644417764,0,-,1452,
1644417764,0,-,1453,
1644417764,0,-,1454,
1644417765,0,-,1455,
1644417765,0,-,1456,
1644417765,0,-,1457,
1644417765,0,-,1458,
1644417765,0,-,1459,
1644417765,0,-,1460,
1644417765,0,-,1461,
1644417766,0,-,1462,
1644417766,0,-,1463,
1644417766,0,-,1464,
1644417766,0,-,1465,
1644417767,0,-,1466,
1644417767,0,-,1467,
1644417767,0,-,1468,
1644417767,0,-,1469,
1644417767,0,-,1470,
1644417767,0,-,1471,
1644417767,0,-,1472,
1644417767,0,-,1473,
1644417767,0,-,1474,
1644417767,0,-,1475,
1644417767,0,-,1476,
1644417767,0,-,1477,
1644417767,0,-,1478,
1644417768,0,-,1479,
1644417768,0,-,1480,
1644417768,0,-,1481,
1644417769,0,-,1482,
1644417769,0,-,1483,
1644417769,0,-,1484,
1644417769,0,-,1485,
1644417769,0,-,1486,
1644417769,0,-,1487,
1644417769,0,-,1488,
1644417770,0,-,1489,
1644417770,0,-,1490,
1644417770,0,-,1491,
1644417770,0,-,1492,
1644417770,0,-,1493,
1644417770,0,-,1494,
1644417771,0,-,1495,
1644417771,0,-,1496,
1644417771,0,-,1497,
1644417771,0,-,1498,
1644417771,0,-,1499,
1644417771,0,-,1500,
1644417772,0,-,1501,
1644417772,0,-,1502,
1644417772,0,-,1503,
1644417772,0,-,1504,
1644417772,0,-,1505,
1644417772,0,-,1506,
1644417773,0,-,1507,
1644417773,0,-,1508,
1644417773,0,-,1509,
1644417773,0,-,1510,
1644417773,0,-,1511,
1644417773,0,-,1512,
1644417773,0,-,1513,
1644417773,0,-,1514,
1644417773,0,-,1515,
1644417773,0,-,1516,
1644417773,0,-,1517,
1644417774,0,-,1518,
1644417774,0,-,1519,
1644417774,0,-,1520,
1644417774,0,-,1521,
1644417774,0,-,1522,
1644417774,0,-,1523,
1644417775,0,-,1524,
1644417775,0,-,1525,
1644417775,0,-,1526,
1644417775,0,-,1527,
1644417775,0,-,1528,
1644417775,0,-,1529,
1644417775,0,-,1530,
1644417775,0,-,1531,
1644417775,0,-,1532,
1644417775,0,-,1533,
1644417775,0,-,1534,
1644417776,0,-,1535,
1644417776,0,-,1536,
1644417776,0,-,1537,
1644417776,0,-,1538,
1644417776,0,-,1539,
1644417777,0,-,1540,
1644417777,0,-,1541,
1644417777,0,-,1542,
1644417777,0,-,1543,
1644417777,0,-,1544,
1644417777,0,-,1545,
1644417777,0,-,1546,
1644417777,0,-,1547,
1644417777,0,-,1548,
1644417778,0,-,1549,
1644417778,0,-,1550,
1644417778,0,-,1551,
1644417778,0,-,1552,
1644417778,0,-,1553,
1644417778,0,-,1554,
1644417778,0,-,1555,
1644417778,0,-,1556,
1644417778,0,-,1557,
1644417778,0,-,1558,
1644417779,0,-,1559,
1644417779,0,-,1560,
1644417779,0,-,1561,
1644417779,0,-,1562,
1644417779,0,-,1563,
1644417779,0,-,1564,
1644417779,0,-,1565,
1644417779,0,-,1566,
1644417779,0,-,1567,
1644417780,0,-,1568,
1644417780,0,-,1569,
1644417780,0,-,1570,
1644417780,0,-,1571,
1644417780,0,-,1572,
1644417780,0,-,1573,
1644417780,0,-,1574,
1644417780,0,-,1575,
1644417780,0,-,1576,
1644417781,0,-,1577,
1644417781,0,-,1578,
1644417782,0,-,1579,
1644417782,0,-,1580,
1644417782,0,-,1581,
1644417782,0,-,1582,
1644417782,0,-,1583,
1644417782,0,-,1584,
1644417782,0,-,1585,
1644417782,0,-,1586,
1644417783,0,-,1587,
1644417783,0,-,1588,
1644417783,0,-,1589,
1644417784,0,-,1590,
1644417784,0,-,1591,
1644417784,0,-,1592,
1644417784,0,-,1593,
1644417784,0,-,1594,
1644417784,0,-,1595,
1644417784,0,-,1596,
1644417785,0,-,1597,
1644417785,0,-,1598,
1644417785,0,-,1599,
1644417785,0,-,1600,
1644417785,0,-,1601,
1644417785,0,-,1602,
1644417785,0,-,1603,
1644417785,0,-,1604,
1644417786,0,-,1605,
1644417786,0,-,1606,
1644417786,0,-,1607,
1644417786,0,-,1608,
1644417786,0,-,1609,
1644417786,0,-,1610,
1644417786,0,-,1611,
1644417786,0,-,1612,
1644417786,0,-,1613,
1644417786,0,-,1614,
1644417787,0,-,1615,
1644417787,0,-,1616,
1644417787,0,-,1617,
1644417787,0,-,1618,
1644417787,0,-,1619,
1644417787,0,-,1620,
1644417788,0,-,1621,
1644417788,0,-,1622,
1644417788,0,-,1623,
1644417788,0,-,1624,
1644417788,0,-,1625,
1644417789,0,-,1626,
1644417789,0,-,1627,
1644417789,0,-,1628,
1644417789,0,-,1629,
1644417789,0,-,1630,
1644417789,0,-,1631,
1644417789,0,-,1632,
1644417789,0,-,1633,
1644417789,0,-,1634,
1644417789,0,-,1635,
1644417789,0,-,1636,
1644417790,0,-,1637,
1644417790,0,-,1638,
1644417790,0,-,1639,
1644417790,0,-,1640,
1644417790,0,-,1641,
1644417790,0,-,1642,
1644417791,0,-,1643,
1644417791,0,-,1644,
1644417791,0,-,1645,
1644417791,0,-,1646,
1644417791,0,-,1647,
1644417791,0,-,1648,
1644417791,0,-,1649,
1644417792,0,-,1650,
1644417792,0,-,1651,
1644417792,0,-,1652,
1644417792,0,-,1653,
1644417792,0,-,1654,
1644417792,0,-,1655,
1644417792,0,-,1656,
1644417792,0,-,1657,
1644417792,0,-,1658,
1644417792,0,-,1659,
1644417793,0,-,1660,
1644417793,0,-,1661,
1644417793,0,-,1662,
1644417793,0,-,1663,
1644417793,0,-,1664,
1644417793,0,-,1665,
1644417794,0,-,1666,
1644417794,0,-,1667,
1644417794,0,-,1668,
1644417794,0,-,1669,
1644417794,0,-,1670,
1644417794,0,-,1671,
1644417794,0,-,1672,
1644417794,0,-,1673,
1644417794,0,-,1674,
1644417795,0,-,1675,
1644417795,0,-,1676,
1644417795,0,-,1677,
1644417795,0,-,1678,
1644417795,0,-,1679,
1644417795,0,-,1680,
1644417795,0,-,1681,
1644417796,0,-,1682,
1644417796,0,-,1683,
1644417796,0,-,1684,
1644417797,0,-,1685,
1644417797,0,-,1686,
1644417797,0,-,1687,
1644417797,0,-,1688,
1644417797,0,-,1689,
1644417797,0,-,1690,
1644417797,0,-,1691,
1644417798,0,-,1692,
1644417798,0,-,1693,
1644417798,0,-,1694,
1644417798,0,-,1695,
1644417798,0,-,1696,
1644417798,0,-,1697,
1644417799,0,-,1698,
1644417799,0,-,1699,
1644417799,0,-,1700,
1644417799,0,-,1701,
1644417799,0,-,1702,
1644417799,0,-,1703,
1644417800,0,-,1704,
1644417800,0,-,1705,
1644417800,0,-,1706,
1644417800,0,-,1707,
1644417800,0,-,1708,
1644417801,0,-,1709,
1644417801,0,-,1710,
1644417801,0,-,1711,
1644417801,0,-,1712,
1644417801,0,-,1713,
1644417801,0,-,1714,
1644417801,0,-,1715,
1644417801,0,-,1716,
1644417801,0,-,1717,
1644417801,0,-,1718,
1644417802,0,-,1719,
1644417802,0,-,1720,
1644417802,0,-,1721,
1644417802,0,-,1722,
1644417802,0,-,1723,
1644417802,0,-,1724,
1644417802,0,-,1725,
1644417802,0,-,1726,
1644417803,0,-,1727,
1644417803,0,-,1728,
1644417803,0,-,1729,
1644417803,0,-,1730,
1644417803,0,-,1731,
1644417803,0,-,1732,
1644417803,0,-,1733,
1644417803,0,-,1734,
1644417804,0,-,1735,
1644417804,0,-,1736,
1644417804,0,-,1737,
1644417804,0,-,1738,
1644417805,0,-,1739,
1644417805,0,-,1740,
1644417805,0,-,1741,
1644417805,0,-,1742,
1644417805,0,-,1743,
1644417805,0,-,1744,
1644417805,0,-,1745,
1644417805,0,-,1746,
1644417805,0,-,1747,
1644417806,0,-,1748,
1644417806,0,-,1749,
1644417807,0,-,1750,
1644417807,0,-,1751,
1644417807,0,-,1752,
1644417808,0,-,1753,
1644417808,0,-,1754,
1644417808,0,-,1755,
1644417808,0,-,1756,
1644417808,0,-,1757,
1644417809,0,-,1758,
1644417809,0,-,1759,
1644417809,0,-,1760,
1644417809,0,-,1761,
1644417810,0,-,1762,
1644417810,0,-,1763,
1644417810,0,-,1764,
1644417810,0,-,1765,
1644417810,0,-,1766,
1644417810,0,-,1767,
1644417810,0,-,1768,
1644417810,0,-,1769,
1644417810,0,-,1770,
1644417811,0,-,1771,
1644417811,0,-,1772,
1644417811,0,-,1773,
1644417811,0,-,1774,
1644417811,0,-,1775,
1644417811,0,-,1776,
1644417811,0,-,1777,
1644417811,0,-,1778,
1644417812,0,-,1779,
1644417812,0,-,1780,
1644417812,0,-,1781,
1644417812,0,-,1782,
1644417812,0,-,1783,
1644417812,0,-,1784,
1644417812,0,-,1785,
1644417812,0,-,1786,
1644417812,0,-,1787,
1644417812,0,-,1788,
1644417812,0,-,1789,
1644417812,0,-,1790,
1644417812,0,-,1791,
1644417812,0,-,1792,
1644417813,0,-,1793,
1644417813,0,-,1794,
1644417813,0,-,1795,
1644417813,0,-,1796,
1644417813,0,-,1797,
1644417814,0,-,1798,
1644417814,0,-,1799,
1644417814,0,-,1800,
1644417814,0,-,1801,
1644417814,0,-,1802,
1644417814,0,-,1803,
1644417814,0,-,1804,
1644417814,0,-,1805,
1644417814,0,-,1806,
1644417814,0,-,1807,
1644417814,0,-,1808,
1644417814,0,-,1809,
1644417815,0,-,1810,
1644417815,0,-,1811,
1644417815,0,-,1812,
1644417815,0,-,1813,
1644417815,0,-,1814,
1644417815,0,-,1815,
1644417815,0,-,1816,
1644417815,0,-,1817,
1644417816,0,-,1818,
1644417816,0,-,1819,
1644417816,0,-,1820,
1644417817,0,-,1821,
1644417817,0,-,1822,
1644417817,0,-,1823,
1644417817,0,-,1824,
1644417817,0,-,1825,
1644417817,0,-,1826,
1644417818,0,-,1827,
1644417818,0,-,1828,
1644417818,0,-,1829,
1644417818,0,-,1830,
1644417818,0,-,1831,
1644417818,0,-,1832,
1644417818,0,-,1833,
1644417818,0,-,1834,
1644417818,0,-,1835,
1644417819,0,-,1836,
1644417819,0,-,1837,
1644417819,0,-,1838,
1644417819,0,-,1839,
1644417819,0,-,1840,
1644417819,0,-,1841,
1644417820,0,-,1842,
1644417820,0,-,1843,
1644417820,0,-,1844,
1644417820,0,-,1845,
1644417820,0,-,1846,
1644417820,0,-,1847,
1644417820,0,-,1848,
1644417820,0,-,1849,
1644417820,0,-,1850,
1644417820,0,-,1851,
1644417821,0,-,1852,
1644417821,0,-,1853,
1644417821,0,-,1854,
1644417821,0,-,1855,
1644417821,0,-,1856,
1644417821,0,-,1857,
1644417821,0,-,1858,
1644417821,0,-,1859,
1644417821,0,-,1860,
1644417821,0,-,1861,
1644417821,0,-,1862,
1644417821,0,-,1863,
1644417822,0,-,1864,
1644417822,0,-,1865,
1644417822,0,-,1866,
1644417822,0,-,1867,
1644417822,0,-,1868,
1644417823,0,-,1869,
1644417823,0,-,1870,
1644417824,0,-,1871,
1644417824,0,-,1872,
1644417824,0,-,1873,
1644417824,0,-,1874,
1644417824,0,-,1875,
1644417824,0,-,1876,
1644417824,0,-,1877,
1644417824,0,-,1878,
1644417824,0,-,1879,
1644417825,0,-,1880,
1644417825,0,-,1881,
1644417825,0,-,1882,
1644417825,0,-,1883,
1644417825,0,-,1884,
1644417825,0,-,1885,
1644417825,0,-,1886,
1644417825,0,-,1887,
1644417826,0,-,1888,
1644417826,0,-,1889,
1644417826,0,-,1890,
1644417826,0,-,1891,
1644417826,0,-,1892,
1644417826,0,-,1893,
1644417826,0,-,1894,
1644417826,0,-,1895,
1644417826,0,-,1896,
1644417826,0,-,1897,
1644417827,0,-,1898,
1644417827,0,-,1899,
1644417827,0,-,1900,
1644417827,0,-,1901,
1644417827,0,-,1902,
1644417827,0,-,1903,
1644417827,0,-,1904,
1644417827,0,-,1905,
1644417827,0,-,1906,
1644417827,0,-,1907,
1644417827,0,-,1908,
1644417827,0,-,1909,
1644417828,0,-,1910,
1644417828,0,-,1911,
1644417828,0,-,1912,
1644417828,0,-,1913,
1644417828,0,-,1914,
1644417828,0,-,1915,
1644417828,0,-,1916,
1644417828,0,-,1917,
1644417828,0,-,1918,
1644417828,0,-,1919,
1644417829,0,-,1920,
1644417829,0,-,1921,
1644417829,0,-,1922,
1644417830,0,-,1923,
1644417830,0,-,1924,
1644417830,0,-,1925,
1644417830,0,-,1926,
1644417830,0,-,1927,
1644417830,0,-,1928,
1644417830,0,-,1929,
1644417830,0,-,1930,
1644417830,0,-,1931,
1644417830,0,-,1932,
1644417830,0,-,1933,
1644417831,0,-,1934,
1644417831,0,-,1935,
1644417831,0,-,1936,
1644417831,0,-,1937,
1644417831,0,-,1938,
1644417832,0,-,1939,
1644417832,0,-,1940,
1644417832,0,-,1941,
1644417832,0,-,1942,
1644417832,0,-,1943,
1644417832,0,-,1944,
1644417832,0,-,1945,
1644417833,0,-,1946,
1644417833,0,-,1947,
1644417833,0,-,1948,
1644417833,0,-,1949,
1644417833,0,-,1950,
1644417833,0,-,1951,
1644417833,0,-,1952,
1644417833,0,-,1953,
1644417834,0,-,1954,
1644417834,0,-,1955,
1644417834,0,-,1956,
1644417834,0,-,1957,
1644417834,0,-,1958,
1644417834,0,-,1959,
1644417834,0,-,1960,
1644417834,0,-,1961,
1644417834,0,-,1962,
1644417835,0,-,1963,
1644417835,0,-,1964,
1644417835,0,-,1965,
1644417835,0,-,1966,
1644417835,0,-,1967,
1644417835,0,-,1968,
1644417835,0,-,1969,
1644417835,0,-,1970,
1644417835,0,-,1971,
1644417835,0,-,1972,
1644417835,0,-,1973,
1644417836,0,-,1974,
1644417836,0,-,1975,
1644417836,0,-,1976,
1644417836,0,-,1977,
1644417836,0,-,1978,
1644417836,0,-,1979,
1644417836,0,-,1980,
1644417836,0,-,1981,
1644417836,0,-,1982,
1644417836,0,-,1983,
1644417836,0,-,1984,
1644417837,0,-,1985,
1644417837,0,-,1986,
1644417837,0,-,1987,
1644417837,0,-,1988,
1644417837,0,-,1989,
1644417837,0,-,1990,
1644417837,0,-,1991,
1644417837,0,-,1992,
1644417837,0,-,1993,
1644417837,0,-,1994,
1644417838,0,-,1995,
1644417838,0,-,1996,
1644417838,0,-,1997,
1644417838,0,-,1998,
1644417838,0,-,1999,
1644417838,0,-,2000,
1644417839,0,-,2001,
1644417839,0,-,2002,
1644417839,0,-,2003,
1644417839,0,-,2004,
1644417839,0,-,2005,
1644417839,0,-,2006,
1644417839,0,-,2007,
1644417840,0,-,2008,
1644417840,0,-,2009,
1644417840,0,-,2010,
1644417840,0,-,2011,
1644417840,0,-,2012,
1644417840,0,-,2013,
1644417840,0,-,2014,
1644417840,0,-,2015,
1644417840,0,-,2016,
1644417840,0,-,2017,
1644417840,0,-,2018,
1644417840,0,-,2019,
1644417840,0,-,2020,
1644417841,0,-,2021,
1644417841,0,-,2022,
1644417841,0,-,2023,
1644417841,0,-,2024,
1644417841,0,-,2025,
1644417841,0,-,2026,
1644417841,0,-,2027,
1644417841,0,-,2028,
1644417841,0,-,2029,
1644417841,0,-,2030,
1644417841,0,-,2031,
1644417841,0,-,2032,
1644417842,0,-,2033,
1644417842,0,-,2034,
1644417842,0,-,2035,
1644417842,0,-,2036,
1644417842,0,-,2037,
1644417842,0,-,2038,
1644417842,0,-,2039,
1644417843,0,-,2040,
1644417843,0,-,2041,
1644417843,0,-,2042,
1644417843,0,-,2043,
1644417843,0,-,2044,
1644417843,0,-,2045,
1644417843,0,-,2046,
1644417843,0,-,2047,
1644417843,0,-,2048,
1644417844,0,-,2049,
1644417844,0,-,2050,
1644417844,0,-,2051,
1644417844,0,-,2052,
1644417844,0,-,2053,
1644417844,0,-,2054,
1644417844,0,-,2055,
1644417844,0,-,2056,
1644417844,0,-,2057,
1644417845,0,-,2058,
1644417845,0,-,2059,
1644417845,0,-,2060,
1644417846,0,-,2061,
1644417846,0,-,2062,
1644417846,0,-,2063,
1644417846,0,-,2064,
1644417846,0,-,2065,
1644417846,0,-,2066,
1644417846,0,-,2067,
1644417846,0,-,2068,
1644417846,0,-,2069,
1644417846,0,-,2070,
1644417846,0,-,2071,
1644417846,0,-,2072,
1644417847,0,-,2073,
1644417847,0,-,2074,
1644417847,0,-,2075,
1644417847,0,-,2076,
1644417847,0,-,2077,
1644417847,0,-,2078,
1644417847,0,-,2079,
1644417847,0,-,2080,
1644417847,0,-,2081,
1644417847,0,-,2082,
1644417847,0,-,2083,
1644417847,0,-,2084,
1644417847,0,-,2085,
1644417848,0,-,2086,
1644417848,0,-,2087,
1644417848,0,-,2088,
1644417848,0,-,2089,
1644417848,0,-,2090,
1644417848,0,-,2091,
1644417848,0,-,2092,
1644417849,0,-,2093,
1644417849,0,-,2094,
1644417849,0,-,2095,
1644417849,0,-,2096,
1644417849,0,-,2097,
1644417849,0,-,2098,
1644417849,0,-,2099,
1644417850,0,-,2100,
1644417850,0,-,2101,
1644417850,0,-,2102,
1644417850,0,-,2103,
1644417850,0,-,2104,
1644417850,0,-,2105,
1644417850,0,-,2106,
1644417850,0,-,2107,
1644417850,0,-,2108,
1644417850,0,-,2109,
1644417850,0,-,2110,
1644417850,0,-,2111,
1644417851,0,-,2112,
1644417851,0,-,2113,
1644417851,0,-,2114,
1644417851,0,-,2115,
1644417851,0,-,2116,
1644417851,0,-,2117,
1644417851,0,-,2118,
1644417851,0,-,2119,
1644417851,0,-,2120,
1644417851,0,-,2121,
1644417851,0,-,2122,
1644417851,0,-,2123,
1644417851,0,-,2124,
1644417851,0,-,2125,
1644417851,0,-,2126,
1644417851,0,-,2127,
1644417851,0,-,2128,
1644417851,0,-,2129,
1644417851,0,-,2130,
1644417852,0,-,2131,
1644417852,0,-,2132,
1644417852,0,-,2133,
1644417852,0,-,2134,
1644417852,0,-,2135,
1644417853,0,-,2136,
1644417853,0,-,2137,
1644417853,0,-,2138,
1644417853,0,-,2139,
1644417853,0,-,2140,
1644417853,0,-,2141,
1644417853,0,-,2142,
1644417853,0,-,2143,
1644417853,0,-,2144,
1644417853,0,-,2145,
1644417853,0,-,2146,
1644417854,0,-,2147,
1644417854,0,-,2148,
1644417854,0,-,2149,
1644417854,0,-,2150,
1644417854,0,-,2151,
1644417854,0,-,2152,
1644417854,0,-,2153,
1644417854,0,-,2154,
1644417854,0,-,2155,
1644417854,0,-,2156,
1644417854,0,-,2157,
1644417854,0,-,2158,
1644417854,0,-,2159,
1644417855,0,-,2160,
1644417855,0,-,2161,
1644417855,0,-,2162,
1644417855,0,-,2163,
1644417855,0,-,2164,
1644417855,0,-,2165,
1644417856,0,-,2166,
1644417856,0,-,2167,
1644417856,0,-,2168,
1644417856,0,-,2169,
1644417857,0,-,2170,
1644417857,0,-,2171,
1644417857,0,-,2172,
1644417858,0,-,2173,
1644417858,0,-,2174,
1644417858,0,-,2175,
1644417858,0,-,2176,
1644417858,0,-,2177,
1644417858,0,-,2178,
1644417858,0,-,2179,
1644417858,0,-,2180,
1644417859,0,-,2181,
1644417859,0,-,2182,
1644417859,0,-,2183,
1644417859,0,-,2184,
1644417860,0,-,2185,
1644417860,0,-,2186,
1644417860,0,-,2187,
1644417860,0,-,2188,
1644417860,0,-,2189,
1644417861,0,-,2190,
1644417861,0,-,2191,
1644417861,0,-,2192,
1644417861,0,-,2193,
1644417862,0,-,2194,
1644417862,0,-,2195,
1644417862,0,-,2196,
1644417863,0,-,2197,
1644417863,0,-,2198,
1644417863,0,-,2199,
1644417863,0,-,2200,
1644417863,0,-,2201,
1644417863,0,-,2202,
1644417863,0,-,2203,
1644417863,0,-,2204,
1644417863,0,-,2205,
1644417864,0,-,2206,
1644417864,0,-,2207,
1644417864,0,-,2208,
1644417864,0,-,2209,
1644417864,0,-,2210,
1644417864,0,-,2211,
1644417864,0,-,2212,
1644417864,0,-,2213,
1644417864,0,-,2214,
1644417865,0,-,2215,
1644417865,0,-,2216,
1644417865,0,-,2217,
1644417865,0,-,2218,
1644417865,0,-,2219,
1644417865,0,-,2220,
1644417866,0,-,2221,
1644417866,0,-,2222,
1644417866,0,-,2223,
1644417866,0,-,2224,
1644417866,0,-,2225,
1644417866,0,-,2226,
1644417866,0,-,2227,
1644417866,0,-,2228,
1644417866,0,-,2229,
1644417866,0,-,2230,
1644417867,0,-,2231,
1644417867,0,-,2232,
1644417867,0,-,2233,
1644417867,0,-,2234,
1644417867,0,-,2235,
1644417867,0,-,2236,
1644417867,0,-,2237,
1644417867,0,-,2238,
1644417867,0,-,2239,
1644417867,0,-,2240,
1644417867,0,-,2241,
1644417867,0,-,2242,
1644417868,0,-,2243,
1644417868,0,-,2244,
1644417869,0,-,2245,
1644417869,0,-,2246,
1644417869,0,-,2247,
1644417869,0,-,2248,
1644417869,0,-,2249,
1644417870,0,-,2250,
1644417870,0,-,2251,
1644417870,0,-,2252,
1644417870,0,-,2253,
1644417870,0,-,2254,
1644417870,0,-,2255,
1644417870,0,-,2256,
1644417871,0,-,2257,
1644417871,0,-,2258,
1644417871,0,-,2259,
1644417871,0,-,2260,
1644417871,0,-,2261,
1644417871,0,-,2262,
1644417871,0,-,2263,
1644417872,0,-,2264,
1644417872,0,-,2265,
1644417872,0,-,2266,
1644417873,0,-,2267,
1644417873,0,-,2268,
1644417873,0,-,2269,
1644417873,0,-,2270,
1644417873,0,-,2271,
1644417873,0,-,2272,
1644417873,0,-,2273,
1644417873,0,-,2274,
1644417873,0,-,2275,
1644417873,0,-,2276,
1644417874,0,-,2277,
1644417874,0,-,2278,
1644417874,0,-,2279,
1644417874,0,-,2280,
1644417875,0,-,2281,
1644417875,0,-,2282,
1644417875,0,-,2283,
1644417875,0,-,2284,
1644417875,0,-,2285,
1644417875,0,-,2286,
1644417875,0,-,2287,
1644417875,0,-,2288,
1644417875,0,-,2289,
1644417875,0,-,2290,
1644417875,0,-,2291,
1644417875,0,-,2292,
1644417876,0,-,2293,
1644417877,0,-,2294,
1644417877,0,-,2295,
1644417877,0,-,2296,
1644417877,0,-,2297,
1644417877,0,-,2298,
1644417877,0,-,2299,
1644417877,0,-,2300,
1644417877,0,-,2301,
1644417877,0,-,2302,
1644417877,0,-,2303,
1644417877,0,-,2304,
1644417878,0,-,2305,
1644417878,0,-,2306,
1644417878,0,-,2307,
1644417878,0,-,2308,
1644417878,0,-,2309,
1644417878,0,-,2310,
1644417878,0,-,2311,
1644417878,0,-,2312,
1644417879,0,-,2313,
1644417879,0,-,2314,
1644417879,0,-,2315,
1644417879,0,-,2316,
1644417879,0,-,2317,
1644417880,0,-,2318,
1644417880,0,-,2319,
1644417881,0,-,2320,
1644417881,0,-,2321,
1644417881,0,-,2322,
1644417881,0,-,2323,
1644417881,0,-,2324,
1644417881,0,-,2325,
1644417881,0,-,2326,
1644417881,0,-,2327,
1644417881,0,-,2328,
1644417881,0,-,2329,
1644417881,0,-,2330,
1644417881,0,-,2331,
1644417882,0,-,2332,
1644417882,0,-,2333,
1644417882,0,-,2334,
1644417882,0,-,2335,
1644417882,0,-,2336,
1644417882,0,-,2337,
1644417882,0,-,2338,
1644417882,0,-,2339,
1644417882,0,-,2340,
1644417882,0,-,2341,
1644417882,0,-,2342,
1644417882,0,-,2343,
1644417882,0,-,2344,
1644417882,0,-,2345,
1644417882,0,-,2346,
1644417882,0,-,2347,
1644417882,0,-,2348,
1644417882,0,-,2349,
1644417882,0,-,2350,
1644417882,0,-,2351,
1644417882,0,-,2352,
1644417882,0,-,2353,
1644417882,0,-,2354,
1644417882,0,-,2355,
1644417882,0,-,2356,
1644417882,0,-,2357,
1644417882,0,-,2358,
1644417882,0,-,2359,
1644417882,0,-,2360,
1644417882,0,-,2361,
1644417882,0,-,2362,
1644417882,0,-,2363,
1644417882,0,-,2364,
1644417883,0,-,2365,
1644417883,0,-,2366,
1644417883,0,-,2367,
1644417883,0,-,2368,
1644417883,0,-,2369,
1644417883,0,-,2370,
1644417883,0,-,2371,
1644417883,0,-,2372,
1644417883,0,-,2373,
1644417884,0,-,2374,
1644417884,0,-,2375,
1644417884,0,-,2376,
1644417884,0,-,2377,
1644417884,0,-,2378,
1644417884,0,-,2379,
1644417884,0,-,2380,
1644417884,0,-,2381,
1644417885,0,-,2382,
1644417885,0,-,2383,
1644417885,0,-,2384,
1644417885,0,-,2385,
1644417885,0,-,2386,
1644417885,0,-,2387,
1644417886,0,-,2388,
1644417886,0,-,2389,
1644417886,0,-,2390,
1644417886,0,-,2391,
1644417886,0,-,2392,
1644417886,0,-,2393,
1644417886,0,-,2394,
1644417886,0,-,2395,
1644417887,0,-,2396,
1644417887,0,-,2397,
1644417887,0,-,2398,
1644417887,0,-,2399,
1644417887,0,-,2400,
1644417887,0,-,2401,
1644417887,0,-,2402,
1644417887,0,-,2403,
1644417887,0,-,2404,
1644417887,0,-,2405,
1644417888,0,-,2406,
1644417888,0,-,2407,
1644417889,0,-,2408,
1644417889,0,-,2409,
1644417889,0,-,2410,
1644417889,0,-,2411,
1644417890,0,-,2412,
1644417890,0,-,2413,
1644417890,0,-,2414,
1644417890,0,-,2415,
1644417890,0,-,2416,
1644417890,0,-,2417,
1644417890,0,-,2418,
1644417890,0,-,2419,
1644417890,0,-,2420,
1644417890,0,-,2421,
1644417891,0,-,2422,
1644417891,0,-,2423,
1644417892,0,-,2424,
1644417892,0,-,2425,
1644417892,0,-,2426,
1644417893,0,-,2427,
1644417893,0,-,2428,
1644417893,0,-,2429,
1644417893,0,-,2430,
1644417893,0,-,2431,
1644417893,0,-,2432,
1644417893,0,-,2433,
1644417893,0,-,2434,
1644417893,0,-,2435,
1644417893,0,-,2436,
1644417893,0,-,2437,
1644417893,0,-,2438,
1644417893,0,-,2439,
1644417893,0,-,2440,
1644417894,0,-,2441,
1644417894,0,-,2442,
1644417894,0,-,2443,
1644417894,0,-,2444,
1644417894,0,-,2445,
1644417894,0,-,2446,
1644417894,0,-,2447,
1644417894,0,-,2448,
1644417894,0,-,2449,
1644417894,0,-,2450,
1644417894,0,-,2451,
1644417894,0,-,2452,
1644417894,0,-,2453,
1644417895,0,-,2454,
1644417895,0,-,2455,
1644417895,0,-,2456,
1644417895,0,-,2457,
1644417896,0,-,2458,
1644417896,0,-,2459,
1644417896,0,-,2460,
1644417897,0,-,2461,
1644417897,0,-,2462,
1644417897,0,-,2463,
1644417897,0,-,2464,
1644417897,0,-,2465,
1644417897,0,-,2466,
1644417897,0,-,2467,
1644417897,0,-,2468,
1644417898,0,-,2469,
1644417898,0,-,2470,
1644417898,0,-,2471,
1644417898,0,-,2472,
1644417898,0,-,2473,
1644417898,0,-,2474,
1644417898,0,-,2475,
1644417898,0,-,2476,
1644417898,0,-,2477,
1644417898,0,-,2478,
1644417898,0,-,2479,
1644417898,0,-,2480,
1644417898,0,-,2481,
1644417898,0,-,2482,
1644417898,0,-,2483,
1644417898,0,-,2484,
1644417898,0,-,2485,
1644417898,0,-,2486,
1644417898,0,-,2487,
1644417898,0,-,2488,
1644417898,0,-,2489,
1644417898,0,-,2490,
1644417898,0,-,2491,
1644417899,0,-,2492,
1644417899,0,-,2493,
1644417899,0,-,2494,
1644417899,0,-,2495,
1644417899,0,-,2496,
1644417899,0,-,2497,
1644417899,0,-,2498,
1644417899,0,-,2499,
1644417899,0,-,2500,
1644417899,0,-,2501,
1644417899,0,-,2502,
1644417899,0,-,2503,
1644417899,0,-,2504,
1644417899,0,-,2505,
1644417899,0,-,2506,
1644417899,0,-,2507,
1644417900,0,-,2508,
1644417900,0,-,2509,
1644417900,0,-,2510,
1644417900,0,-,2511,
1644417900,0,-,2512,
1644417900,0,-,2513,
1644417900,0,-,2514,
1644417900,0,-,2515,
1644417901,0,-,2516,
1644417901,0,-,2517,
1644417901,0,-,2518,
1644417901,0,-,2519,
1644417901,0,-,2520,
1644417901,0,-,2521,
1644417901,0,-,2522,
1644417901,0,-,2523,
1644417901,0,-,2524,
1644417901,0,-,2525,
1644417901,0,-,2526,
1644417901,0,-,2527,
1644417901,0,-,2528,
1644417901,0,-,2529,
1644417901,0,-,2530,
1644417901,0,-,2531,
1644417901,0,-,2532,
1644417901,0,-,2533,
1644417901,0,-,2534,
1644417901,0,-,2535,
1644417902,0,-,2536,
1644417902,0,-,2537,
1644417902,0,-,2538,
1644417902,0,-,2539,
1644417902,0,-,2540,
1644417902,0,-,2541,
1644417902,0,-,2542,
1644417902,0,-,2543,
1644417902,0,-,2544,
1644417902,0,-,2545,
1644417902,0,-,2546,
1644417902,0,-,2547,
1644417902,0,-,2548,
1644417902,0,-,2549,
1644417903,0,-,2550,
1644417903,0,-,2551,
1644417903,0,-,2552,
1644417903,0,-,2553,
1644417903,0,-,2554,
1644417903,0,-,2555,
1644417903,0,-,2556,
1644417903,0,-,2557,
1644417903,0,-,2558,
1644417903,0,-,2559,
1644417903,0,-,2560,
1644417903,0,-,2561,
1644417903,0,-,2562,
1644417903,0,-,2563,
1644417903,0,-,2564,
1644417903,0,-,2565,
1644417903,0,-,2566,
1644417903,0,-,2567,
1644417903,0,-,2568,
1644417904,0,-,2569,
1644417904,0,-,2570,
1644417904,0,-,2571,
1644417904,0,-,2572,
1644417905,0,-,2573,
1644417905,0,-,2574,
1644417905,0,-,2575,
1644417905,0,-,2576,
1644417905,0,-,2577,
1644417905,0,-,2578,
1644417905,0,-,2579,
1644417905,0,-,2580,
1644417905,0,-,2581,
1644417905,0,-,2582,
1644417905,0,-,2583,
1644417905,0,-,2584,
1644417905,0,-,2585,
1644417905,0,-,2586,
1644417905,0,-,2587,
1644417906,0,-,2588,
1644417906,0,-,2589,
1644417906,0,-,2590,
1644417906,0,-,2591,
1644417906,0,-,2592,
1644417906,0,-,2593,
1644417906,0,-,2594,
1644417906,0,-,2595,
1644417906,0,-,2596,
1644417906,0,-,2597,
1644417906,0,-,2598,
1644417906,0,-,2599,
1644417906,0,-,2600,
1644417906,0,-,2601,
1644417906,0,-,2602,
1644417906,0,-,2603,
1644417906,0,-,2604,
1644417907,0,-,2605,
1644417907,0,-,2606,
1644417907,0,-,2607,
1644417907,0,-,2608,
1644417907,0,-,2609,
1644417908,0,-,2610,
1644417908,0,-,2611,
1644417908,0,-,2612,
1644417908,0,-,2613,
1644417908,0,-,2614,
1644417908,0,-,2615,
1644417908,0,-,2616,
1644417908,0,-,2617,
1644417908,0,-,2618,
1644417908,0,-,2619,
1644417908,0,-,2620,
1644417908,0,-,2621,
1644417908,0,-,2622,
1644417908,0,-,2623,
1644417908,0,-,2624,
1644417908,0,-,2625,
1644417908,0,-,2626,
1644417909,0,-,2627,
1644417909,0,-,2628,
1644417909,0,-,2629,
1644417909,0,-,2630,
1644417910,0,-,2631,
1644417910,0,-,2632,
1644417910,0,-,2633,
1644417910,0,-,2634,
1644417910,0,-,2635,
1644417910,0,-,2636,
1644417911,0,-,2637,
1644417911,0,-,2638,
1644417911,0,-,2639,
1644417911,0,-,2640,
1644417911,0,-,2641,
1644417911,0,-,2642,
1644417912,0,-,2643,
1644417912,0,-,2644,
1644417912,0,-,2645,
1644417912,0,-,2646,
1644417912,0,-,2647,
1644417912,0,-,2648,
1644417912,0,-,2649,
1644417912,0,-,2650,
1644417912,0,-,2651,
1644417913,0,-,2652,
1644417913,0,-,2653,
1644417913,0,-,2654,
1644417913,0,-,2655,
1644417913,0,-,2656,
1644417913,0,-,2657,
1644417913,0,-,2658,
1644417913,0,-,2659,
1644417913,0,-,2660,
1644417913,0,-,2661,
1644417913,0,-,2662,
1644417913,0,-,2663,
1644417913,0,-,2664,
1644417913,0,-,2665,
1644417913,0,-,2666,
1644417913,0,-,2667,
1644417913,0,-,2668,
1644417913,0,-,2669,
1644417913,0,-,2670,
1644417914,0,-,2671,
1644417914,0,-,2672,
1644417914,0,-,2673,
1644417914,0,-,2674,
1644417914,0,-,2675,
1644417914,0,-,2676,
1644417914,0,-,2677,
1644417914,0,-,2678,
1644417915,0,-,2679,
1644417915,0,-,2680,
1644417915,0,-,2681,
1644417915,0,-,2682,
1644417915,0,-,2683,
1644417915,0,-,2684,
1644417915,0,-,2685,
1644417915,0,-,2686,
1644417915,0,-,2687,
1644417915,0,-,2688,
1644417916,0,-,2689,
1644417916,0,-,2690,
1644417917,0,-,2691,
1644417917,0,-,2692,
1644417917,0,-,2693,
1644417917,0,-,2694,
1644417917,0,-,2695,
1644417917,0,-,2696,
1644417917,0,-,2697,
1644417917,0,-,2698,
1644417917,0,-,2699,
1644417917,0,-,2700,
1644417917,0,-,2701,
1644417917,0,-,2702,
1644417917,0,-,2703,
1644417917,0,-,2704,
1644417917,0,-,2705,
1644417918,0,-,2706,
1644417918,0,-,2707,
1644417918,0,-,2708,
1644417918,0,-,2709,
1644417918,0,-,2710,
1644417918,0,-,2711,
1644417918,0,-,2712,
1644417918,0,-,2713,
1644417918,0,-,2714,
1644417919,0,-,2715,
1644417919,0,-,2716,
1644417919,0,-,2717,
1644417919,0,-,2718,
1644417919,0,-,2719,
1644417919,0,-,2720,
1644417920,0,-,2721,
1644417920,0,-,2722,
1644417920,0,-,2723,
1644417920,0,-,2724,
1644417920,0,-,2725,
1644417920,0,-,2726,
1644417921,0,-,2727,
1644417921,0,-,2728,
1644417921,0,-,2729,
1644417921,0,-,2730,
1644417921,0,-,2731,
1644417922,0,-,2732,
1644417922,0,-,2733,
1644417922,0,-,2734,
1644417922,0,-,2735,
1644417922,0,-,2736,
1644417922,0,-,2737,
1644417923,0,-,2738,
1644417923,0,-,2739,
1644417924,0,-,2740,
1644417924,0,-,2741,
1644417924,0,-,2742,
1644417924,0,-,2743,
1644417924,0,-,2744,
1644417924,0,-,2745,
1644417924,0,-,2746,
1644417924,0,-,2747,
1644417925,0,-,2748,
1644417925,0,-,2749,
1644417925,0,-,2750,
1644417925,0,-,2751,
1644417925,0,-,2752,
1644417925,0,-,2753,
1644417925,0,-,2754,
1644417925,0,-,2755,
1644417925,0,-,2756,
1644417925,0,-,2757,
1644417925,0,-,2758,
1644417925,0,-,2759,
1644417925,0,-,2760,
1644417925,0,-,2761,
1644417925,0,-,2762,
1644417925,0,-,2763,
1644417926,0,-,2764,
1644417926,0,-,2765,
1644417926,0,-,2766,
1644417926,0,-,2767,
1644417926,0,-,2768,
1644417926,0,-,2769,
1644417926,0,-,2770,
1644417926,0,-,2771,
1644417926,0,-,2772,
1644417926,0,-,2773,
1644417926,0,-,2774,
1644417926,0,-,2775,
1644417926,0,-,2776,
1644417926,0,-,2777,
1644417926,0,-,2778,
1644417927,0,-,2779,
1644417927,0,-,2780,
1644417927,0,-,2781,
1644417927,0,-,2782,
1644417927,0,-,2783,
1644417927,0,-,2784,
1644417927,0,-,2785,
1644417927,0,-,2786,
1644417927,0,-,2787,
1644417927,0,-,2788,
1644417927,0,-,2789,
1644417927,0,-,2790,
1644417927,0,-,2791,
1644417927,0,-,2792,
1644417928,0,-,2793,
1644417928,0,-,2794,
1644417928,0,-,2795,
1644417928,0,-,2796,
1644417928,0,-,2797,
1644417928,0,-,2798,
1644417928,0,-,2799,
1644417929,0,-,2800,
1644417929,0,-,2801,
1644417929,0,-,2802,
1644417929,0,-,2803,
1644417929,0,-,2804,
1644417929,0,-,2805,
1644417929,0,-,2806,
1644417929,0,-,2807,
1644417929,0,-,2808,
1644417929,0,-,2809,
1644417929,0,-,2810,
1644417929,0,-,2811,
1644417929,0,-,2812,
1644417929,0,-,2813,
1644417929,0,-,2814,
1644417930,0,-,2815,
1644417930,0,-,2816,
1644417930,0,-,2817,
1644417930,0,-,2818,
1644417930,0,-,2819,
1644417930,0,-,2820,
1644417931,0,-,2821,
1644417931,0,-,2822,
1644417931,0,-,2823,
1644417931,0,-,2824,
1644417931,0,-,2825,
1644417931,0,-,2826,
1644417931,0,-,2827,
1644417931,0,-,2828,
1644417932,0,-,2829,
1644417932,0,-,2830,
1644417932,0,-,2831,
1644417932,0,-,2832,
1644417932,0,-,2833,
1644417932,0,-,2834,
1644417932,0,-,2835,
1644417932,0,-,2836,
1644417933,0,-,2837,
1644417933,0,-,2838,
1644417933,0,-,2839,
1644417933,0,-,2840,
1644417933,0,-,2841,
1644417933,0,-,2842,
1644417933,0,-,2843,
1644417933,0,-,2844,
1644417933,0,-,2845,
1644417933,0,-,2846,
1644417933,0,-,2847,
1644417933,0,-,2848,
1644417933,0,-,2849,
1644417933,0,-,2850,
1644417934,0,-,2851,
1644417934,0,-,2852,
1644417934,0,-,2853,
1644417934,0,-,2854,
1644417934,0,-,2855,
1644417934,0,-,2856,
1644417934,0,-,2857,
1644417934,0,-,2858,
1644417934,0,-,2859,
1644417934,0,-,2860,
1644417934,0,-,2861,
1644417934,0,-,2862,
1644417934,0,-,2863,
1644417935,0,-,2864,
1644417935,0,-,2865,
1644417935,0,-,2866,
1644417935,0,-,2867,
1644417935,0,-,2868,
1644417935,0,-,2869,
1644417935,0,-,2870,
1644417935,0,-,2871,
1644417935,0,-,2872,
1644417935,0,-,2873,
1644417936,0,-,2874,
1644417937,0,-,2875,
1644417937,0,-,2876,
1644417937,0,-,2877,
1644417937,0,-,2878,
1644417937,0,-,2879,
1644417937,0,-,2880,
1644417937,0,-,2881,
1644417937,0,-,2882,
1644417937,0,-,2883,
1644417937,0,-,2884,
1644417937,0,-,2885,
1644417937,0,-,2886,
1644417938,0,-,2887,
1644417938,0,-,2888,
1644417938,0,-,2889,
1644417938,0,-,2890,
1644417938,0,-,2891,
1644417938,0,-,2892,
1644417938,0,-,2893,
1644417939,0,-,2894,
1644417939,0,-,2895,
1644417939,0,-,2896,
1644417939,0,-,2897,
1644417939,0,-,2898,
1644417939,0,-,2899,
1644417939,0,-,2900,
1644417939,0,-,2901,
1644417939,0,-,2902,
1644417939,0,-,2903,
1644417939,0,-,2904,
1644417939,0,-,2905,
1644417939,0,-,2906,
1644417939,0,-,2907,
1644417939,0,-,2908,
1644417940,0,-,2909,
1644417940,0,-,2910,
1644417940,0,-,2911,
1644417940,0,-,2912,
1644417940,0,-,2913,
1644417940,0,-,2914,
1644417940,0,-,2915,
1644417940,0,-,2916,
1644417940,0,-,2917,
1644417940,0,-,2918,
1644417940,0,-,2919,
1644417940,0,-,2920,
1644417940,0,-,2921,
1644417940,0,-,2922,
1644417940,0,-,2923,
1644417940,0,-,2924,
1644417940,0,-,2925,
1644417940,0,-,2926,
1644417941,0,-,2927,
1644417941,0,-,2928,
1644417941,0,-,2929,
1644417941,0,-,2930,
1644417942,0,-,2931,
1644417942,0,-,2932,
1644417943,0,-,2933,
1644417943,0,-,2934,
1644417944,0,-,2935,
1644417944,0,-,2936,
1644417944,0,-,2937,
1644417944,0,-,2938,
1644417944,0,-,2939,
1644417944,0,-,2940,
1644417944,0,-,2941,
1644417944,0,-,2942,
1644417944,0,-,2943,
1644417944,0,-,2944,
1644417944,0,-,2945,
1644417944,0,-,2946,
1644417944,0,-,2947,
1644417944,0,-,2948,
1644417945,0,-,2949,
1644417946,0,-,2950,
1644417946,0,-,2951,
1644417946,0,-,2952,
1644417946,0,-,2953,
1644417946,0,-,2954,
1644417946,0,-,2955,
1644417946,0,-,2956,
1644417946,0,-,2957,
1644417946,0,-,2958,
1644417946,0,-,2959,
1644417947,0,-,2960,
1644417947,0,-,2961,
1644417947,0,-,2962,
1644417947,0,-,2963,
1644417947,0,-,2964,
1644417947,0,-,2965,
1644417947,0,-,2966,
1644417947,0,-,2967,
1644417947,0,-,2968,
1644417947,0,-,2969,
1644417947,0,-,2970,
1644417947,0,-,2971,
1644417947,0,-,2972,
1644417947,0,-,2973,
1644417947,0,-,2974,
1644417947,0,-,2975,
1644417947,0,-,2976,
1644417947,0,-,2977,
1644417947,0,-,2978,
1644417947,0,-,2979,
1644417947,0,-,2980,
1644417947,0,-,2981,
1644417947,0,-,2982,
1644417947,0,-,2983,
1644417947,0,-,2984,
1644417947,0,-,2985,
1644417947,0,-,2986,
1644417947,0,-,2987,
1644417947,0,-,2988,
1644417948,0,-,2989,
1644417948,0,-,2990,
1644417949,0,-,2991,
1644417949,0,-,2992,
1644417949,0,-,2993,
1644417949,0,-,2994,
1644417949,0,-,2995,
1644417949,0,-,2996,
1644417949,0,-,2997,
1644417949,0,-,2998,
1644417949,0,-,2999,
1644417949,0,-,3000,
1644417949,0,-,3001,
1644417949,0,-,3002,
1644417949,0,-,3003,
1644417949,0,-,3004,
1644417949,0,-,3005,
1644417949,0,-,3006,
1644417950,0,-,3007,
1644417950,0,-,3008,
1644417950,0,-,3009,
1644417950,0,-,3010,
1644417950,0,-,3011,
1644417950,0,-,3012,
1644417950,0,-,3013,
1644417950,0,-,3014,
1644417950,0,-,3015,
1644417950,0,-,3016,
1644417950,0,-,3017,
1644417950,0,-,3018,
1644417950,0,-,3019,
1644417950,0,-,3020,
1644417950,0,-,3021,
1644417950,0,-,3022,
1644417950,0,-,3023,
1644417950,0,-,3024,
1644417951,0,-,3025,
1644417952,0,-,3026,
1644417952,0,-,3027,
1644417952,0,-,3028,
1644417952,0,-,3029,
1644417952,0,-,3030,
1644417952,0,-,3031,
1644417952,0,-,3032,
1644417952,0,-,3033,
1644417952,0,-,3034,
1644417952,0,-,3035,
1644417952,0,-,3036,
1644417952,0,-,3037,
1644417952,0,-,3038,
1644417952,0,-,3039,
1644417952,0,-,3040,
1644417952,0,-,3041,
1644417952,0,-,3042,
1644417952,0,-,3043,
1644417952,0,-,3044,
1644417952,0,-,3045,
1644417952,0,-,3046,
1644417952,0,-,3047,
1644417952,0,-,3048,
1644417953,0,-,3049,
1644417953,0,-,3050,
1644417953,0,-,3051,
1644417953,0,-,3052,
1644417953,0,-,3053,
1644417953,0,-,3054,
1644417954,0,-,3055,
1644417954,0,-,3056,
1644417954,0,-,3057,
1644417954,0,-,3058,
1644417955,0,-,3059,
1644417955,0,-,3060,
1644417955,0,-,3061,
1644417955,0,-,3062,
1644417955,0,-,3063,
1644417955,0,-,3064,
1644417955,0,-,3065,
1644417955,0,-,3066,
1644417955,0,-,3067,
1644417955,0,-,3068,
1644417955,0,-,3069,
1644417955,0,-,3070,
1644417955,0,-,3071,
1644417956,0,-,3072,
1644417956,0,-,3073,
1644417956,0,-,3074,
1644417956,0,-,3075,
1644417956,0,-,3076,
1644417956,0,-,3077,
1644417956,0,-,3078,
1644417956,0,-,3079,
1644417957,0,-,3080,
1644417957,0,-,3081,
1644417957,0,-,3082,
1644417957,0,-,3083,
1644417959,0,-,3084,
1644417959,0,-,3085,
1644417959,0,-,3086,
1644417959,0,-,3087,
1644417959,0,-,3088,
1644417959,0,-,3089,
1644417959,0,-,3090,
1644417959,0,-,3091,
1644417959,0,-,3092,
1644417959,0,-,3093,
1644417960,0,-,3094,
1644417960,0,-,3095,
1644417960,0,-,3096,
1644417960,0,-,3097,
1644417960,0,-,3098,
1644417961,0,-,3099,
1644417961,0,-,3100,
1644417961,0,-,3101,
1644417961,0,-,3102,
1644417961,0,-,3103,
1644417961,0,-,3104,
1644417961,0,-,3105,
1644417961,0,-,3106,
1644417961,0,-,3107,
1644417961,0,-,3108,
1644417962,0,-,3109,
1644417962,0,-,3110,
1644417962,0,-,3111,
1644417962,0,-,3112,
1644417962,0,-,3113,
1644417962,0,-,3114,
1644417962,0,-,3115,
1644417962,0,-,3116,
1644417962,0,-,3117,
1644417963,0,-,3118,
1644417963,0,-,3119,
1644417963,0,-,3120,
1644417963,0,-,3121,
1644417963,0,-,3122,
1644417963,0,-,3123,
1644417963,0,-,3124,
1644417963,0,-,3125,
1644417964,0,-,3126,
1644417964,0,-,3127,
1644417964,0,-,3128,
1644417964,0,-,3129,
1644417964,0,-,3130,
1644417964,0,-,3131,
1644417964,0,-,3132,
1644417964,0,-,3133,
1644417964,0,-,3134,
1644417964,0,-,3135,
1644417964,0,-,3136,
1644417964,0,-,3137,
1644417964,0,-,3138,
1644417964,0,-,3139,
1644417964,0,-,3140,
1644417964,0,-,3141,
1644417964,0,-,3142,
1644417964,0,-,3143,
1644417964,0,-,3144,
1644417964,0,-,3145,
1644417964,0,-,3146,
1644417964,0,-,3147,
1644417964,0,-,3148,
1644417964,0,-,3149,
1644417964,0,-,3150,
1644417964,0,-,3151,
1644417964,0,-,3152,
1644417964,0,-,3153,
1644417964,0,-,3154,
1644417964,0,-,3155,
1644417964,0,-,3156,
1644417964,0,-,3157,
1644417964,0,-,3158,
1644417964,0,-,3159,
1644417964,0,-,3160,
1644417964,0,-,3161,
1644417964,0,-,3162,
1644417964,0,-,3163,
1644417964,0,-,3164,
1644417964,0,-,3165,
1644417964,0,-,3166,
1644417965,0,-,3167,
1644417966,0,-,3168,
1644417966,0,-,3169,
1644417966,0,-,3170,
1644417966,0,-,3171,
1644417966,0,-,3172,
1644417966,0,-,3173,
1644417966,0,-,3174,
1644417966,0,-,3175,
1644417966,0,-,3176,
1644417967,0,-,3177,
1644417967,0,-,3178,
1644417967,0,-,3179,
1644417967,0,-,3180,
1644417967,0,-,3181,
1644417967,0,-,3182,
1644417967,0,-,3183,
1644417967,0,-,3184,
1644417967,0,-,3185,
1644417967,0,-,3186,
1644417967,0,-,3187,
1644417967,0,-,3188,
1644417967,0,-,3189,
1644417967,0,-,3190,
1644417967,0,-,3191,
1644417967,0,-,3192,
1644417967,0,-,3193,
1644417967,0,-,3194,
1644417967,0,-,3195,
1644417967,0,-,3196,
1644417967,0,-,3197,
1644417967,0,-,3198,
1644417967,0,-,3199,
1644417968,0,-,3200,
1644417968,0,-,3201,
1644417968,0,-,3202,
1644417968,0,-,3203,
1644417969,0,-,3204,
1644417969,0,-,3205,
1644417969,0,-,3206,
1644417969,0,-,3207,
1644417969,0,-,3208,
1644417969,0,-,3209,
1644417969,0,-,3210,
1644417969,0,-,3211,
1644417969,0,-,3212,
1644417969,0,-,3213,
1644417969,0,-,3214,
1644417969,0,-,3215,
1644417970,0,-,3216,
1644417970,0,-,3217,
1644417970,0,-,3218,
1644417970,0,-,3219,
1644417970,0,-,3220,
1644417970,0,-,3221,
1644417970,0,-,3222,
1644417970,0,-,3223,
1644417970,0,-,3224,
1644417970,0,-,3225,
1644417971,0,-,3226,
1644417971,0,-,3227,
1644417971,0,-,3228,
1644417972,0,-,3229,
1644417972,0,-,3230,
1644417972,0,-,3231,
1644417972,0,-,3232,
1644417972,0,-,3233,
1644417972,0,-,3234,
1644417972,0,-,3235,
1644417972,0,-,3236,
1644417972,0,-,3237,
1644417972,0,-,3238,
1644417972,0,-,3239,
1644417972,0,-,3240,
1644417972,0,-,3241,
1644417972,0,-,3242,
1644417973,0,-,3243,
1644417973,0,-,3244,
1644417973,0,-,3245,
1644417973,0,-,3246,
1644417973,0,-,3247,
1644417973,0,-,3248,
1644417973,0,-,3249,
1644417973,0,-,3250,
1644417973,0,-,3251,
1644417974,0,-,3252,
1644417974,0,-,3253,
1644417974,0,-,3254,
1644417974,0,-,3255,
1644417974,0,-,3256,
1644417974,0,-,3257,
1644417974,0,-,3258,
1644417974,0,-,3259,
1644417974,0,-,3260,
1644417974,0,-,3261,
1644417974,0,-,3262,
1644417974,0,-,3263,
1644417974,0,-,3264,
1644417974,0,-,3265,
1644417975,0,-,3266,
1644417975,0,-,3267,
1644417975,0,-,3268,
1644417975,0,-,3269,
1644417975,0,-,3270,
1644417975,0,-,3271,
1644417975,0,-,3272,
1644417975,0,-,3273,
1644417975,0,-,3274,
1644417975,0,-,3275,
1644417975,0,-,3276,
1644417975,0,-,3277,
1644417976,0,-,3278,
1644417976,0,-,3279,
1644417976,0,-,3280,
1644417976,0,-,3281,
1644417976,0,-,3282,
1644417976,0,-,3283,
1644417976,0,-,3284,
1644417976,0,-,3285,
1644417976,0,-,3286,
1644417976,0,-,3287,
1644417976,0,-,3288,
1644417976,0,-,3289,
1644417976,0,-,3290,
1644417976,0,-,3291,
1644417976,0,-,3292,
1644417976,0,-,3293,
1644417976,0,-,3294,
1644417976,0,-,3295,
1644417976,0,-,3296,
1644417976,0,-,3297,
1644417976,0,-,3298,
1644417976,0,-,3299,
1644417976,0,-,3300,
1644417976,0,-,3301,
1644417976,0,-,3302,
1644417977,0,-,3303,
1644417977,0,-,3304,
1644417977,0,-,3305,
1644417977,0,-,3306,
1644417977,0,-,3307,
1644417978,0,-,3308,
1644417978,0,-,3309,
1644417978,0,-,3310,
1644417978,0,-,3311,
1644417978,0,-,3312,
1644417978,0,-,3313,
1644417979,0,-,3314,
1644417979,0,-,3315,
1644417980,0,-,3316,
1644417980,0,-,3317,
1644417981,0,-,3318,
1644417981,0,-,3319,
1644417981,0,-,3320,
1644417981,0,-,3321,
1644417981,0,-,3322,
1644417981,0,-,3323,
1644417981,0,-,3324,
1644417981,0,-,3325,
1644417981,0,-,3326,
1644417981,0,-,3327,
1644417981,0,-,3328,
1644417982,0,-,3329,
1644417982,0,-,3330,
1644417982,0,-,3331,
1644417982,0,-,3332,
1644417982,0,-,3333,
1644417982,0,-,3334,
1644417982,0,-,3335,
1644417982,0,-,3336,
1644417982,0,-,3337,
1644417982,0,-,3338,
1644417982,0,-,3339,
1644417982,0,-,3340,
1644417982,0,-,3341,
1644417982,0,-,3342,
1644417982,0,-,3343,
1644417983,0,-,3344,
1644417983,0,-,3345,
1644417983,0,-,3346,
1644417983,0,-,3347,
1644417983,0,-,3348,
1644417983,0,-,3349,
1644417983,0,-,3350,
1644417983,0,-,3351,
1644417983,0,-,3352,
1644417983,0,-,3353,
1644417983,0,-,3354,
1644417983,0,-,3355,
1644417983,0,-,3356,
1644417983,0,-,3357,
1644417983,0,-,3358,
1644417983,0,-,3359,
1644417984,0,-,3360,
1644417984,0,-,3361,
1644417984,0,-,3362,
1644417984,0,-,3363,
1644417984,0,-,3364,
1644417985,0,-,3365,
1644417985,0,-,3366,
1644417985,0,-,3367,
1644417985,0,-,3368,
1644417985,0,-,3369,
1644417985,0,-,3370,
1644417985,0,-,3371,
1644417985,0,-,3372,
1644417985,0,-,3373,
1644417985,0,-,3374,
1644417985,0,-,3375,
1644417985,0,-,3376,
1644417985,0,-,3377,
1644417985,0,-,3378,
1644417986,0,-,3379,
1644417986,0,-,3380,
1644417986,0,-,3381,
1644417986,0,-,3382,
1644417986,0,-,3383,
1644417986,0,-,3384,
1644417986,0,-,3385,
1644417986,0,-,3386,
1644417986,0,-,3387,
1644417986,0,-,3388,
1644417986,0,-,3389,
1644417986,0,-,3390,
1644417986,0,-,3391,
1644417986,0,-,3392,
1644417986,0,-,3393,
1644417986,0,-,3394,
1644417986,0,-,3395,
1644417986,0,-,3396,
1644417986,0,-,3397,
1644417986,0,-,3398,
1644417986,0,-,3399,
1644417986,0,-,3400,
1644417986,0,-,3401,
1644417986,0,-,3402,
1644417986,0,-,3403,
1644417986,0,-,3404,
1644417986,0,-,3405,
1644417986,0,-,3406,
1644417986,0,-,3407,
1644417986,0,-,3408,
1644417986,0,-,3409,
1644417986,0,-,3410,
1644417986,0,-,3411,
1644417986,0,-,3412,
1644417986,0,-,3413,
1644417986,0,-,3414,
1644417986,0,-,3415,
1644417986,0,-,3416,
1644417986,0,-,3417,
1644417986,0,-,3418,
1644417986,0,-,3419,
1644417987,0,-,3420,
1644417987,0,-,3421,
1644417987,0,-,3422,
1644417987,0,-,3423,
1644417987,0,-,3424,
1644417987,0,-,3425,
1644417987,0,-,3426,
1644417987,0,-,3427,
1644417988,0,-,3428,
1644417988,0,-,3429,
1644417988,0,-,3430,
1644417988,0,-,3431,
1644417988,0,-,3432,
1644417988,0,-,3433,
1644417988,0,-,3434,
1644417988,0,-,3435,
1644417989,0,-,3436,
1644417989,0,-,3437,
1644417989,0,-,3438,
1644417989,0,-,3439,
1644417989,0,-,3440,
1644417989,0,-,3441,
1644417989,0,-,3442,
1644417989,0,-,3443,
1644417991,0,-,3444,
1644417991,0,-,3445,
1644417991,0,-,3446,
1644417991,0,-,3447,
1644417991,0,-,3448,
1644417991,0,-,3449,
1644417991,0,-,3450,
1644417991,0,-,3451,
1644417991,0,-,3452,
1644417991,0,-,3453,
1644417991,0,-,3454,
1644417991,0,-,3455,
1644417992,0,-,3456,
1644417992,0,-,3457,
1644417992,0,-,3458,
1644417992,0,-,3459,
1644417992,0,-,3460,
1644417992,0,-,3461,
1644417993,0,-,3462,
1644417993,0,-,3463,
1644417993,0,-,3464,
1644417993,0,-,3465,
1644417993,0,-,3466,
1644417993,0,-,3467,
1644417993,0,-,3468,
1644417993,0,-,3469,
1644417993,0,-,3470,
1644417994,0,-,3471,
1644417994,0,-,3472,
1644417994,0,-,3473,
1644417994,0,-,3474,
1644417994,0,-,3475,
1644417994,0,-,3476,
1644417994,0,-,3477,
1644417994,0,-,3478,
1644417994,0,-,3479,
1644417994,0,-,3480,
1644417994,0,-,3481,
1644417994,0,-,3482,
1644417994,0,-,3483,
1644417995,0,-,3484,
1644417995,0,-,3485,
1644417995,0,-,3486,
1644417995,0,-,3487,
1644417995,0,-,3488,
1644417995,0,-,3489,
1644417995,0,-,3490,
1644417995,0,-,3491,
1644417995,0,-,3492,
1644417995,0,-,3493,
1644417995,0,-,3494,
1644417995,0,-,3495,
1644417995,0,-,3496,
1644417995,0,-,3497,
1644417995,0,-,3498,
1644417995,0,-,3499,
1644417995,0,-,3500,
1644417995,0,-,3501,
1644417995,0,-,3502,
1644417996,0,-,3503,
1644417996,0,-,3504,
1644417996,0,-,3505,
1644417998,0,-,3506,
1644417998,0,-,3507,
1644417998,0,-,3508,
1644417998,0,-,3509,
1644417998,0,-,3510,
1644417998,0,-,3511,
1644417998,0,-,3512,
1644417998,0,-,3513,
1644417999,0,-,3514,
1644417999,0,-,3515,
1644417999,0,-,3516,
1644418000,0,-,3517,
1644418000,0,-,3518,
1644418000,0,-,3519,
1644418000,0,-,3520,
1644418000,0,-,3521,
1644418000,0,-,3522,
1644418000,0,-,3523,
1644418000,0,-,3524,
1644418001,0,-,3525,
1644418001,0,-,3526,
1644418001,0,-,3527,
1644418001,0,-,3528,
1644418001,0,-,3529,
1644418001,0,-,3530,
1644418001,0,-,3531,
1644418002,0,-,3532,
1644418003,0,-,3533,
1644418003,0,-,3534,
1644418003,0,-,3535,
1644418003,0,-,3536,
1644418003,0,-,3537,
1644418003,0,-,3538,
1644418003,0,-,3539,
1644418003,0,-,3540,
1644418003,0,-,3541,
1644418003,0,-,3542,
1644418003,0,-,3543,
1644418003,0,-,3544,
1644418003,0,-,3545,
1644418003,0,-,3546,
1644418003,0,-,3547,
1644418003,0,-,3548,
1644418003,0,-,3549,
1644418003,0,-,3550,
1644418003,0,-,3551,
1644418003,0,-,3552,
1644418004,0,-,3553,
1644418004,0,-,3554,
1644418004,0,-,3555,
1644418004,0,-,3556,
1644418004,0,-,3557,
1644418004,0,-,3558,
1644418004,0,-,3559,
1644418004,0,-,3560,
1644418004,0,-,3561,
1644418004,0,-,3562,
1644418004,0,-,3563,
1644418004,0,-,3564,
1644418004,0,-,3565,
1644418004,0,-,3566,
1644418004,0,-,3567,
1644418004,0,-,3568,
1644418004,0,-,3569,
1644418004,0,-,3570,
1644418004,0,-,3571,
1644418004,0,-,3572,
1644418004,0,-,3573,
1644418004,0,-,3574,
1644418004,0,-,3575,
1644418004,0,-,3576,
1644418004,0,-,3577,
1644418004,0,-,3578,
1644418004,0,-,3579,
1644418004,0,-,3580,
1644418004,0,-,3581,
1644418004,0,-,3582,
1644418004,0,-,3583,
1644418004,0,-,3584,
1644418004,0,-,3585,
1644418004,0,-,3586,
1644418004,0,-,3587,
1644418004,0,-,3588,
1644418004,0,-,3589,
1644418004,0,-,3590,
1644418004,0,-,3591,
1644418004,0,-,3592,
1644418005,0,-,3593,
1644418005,0,-,3594,
1644418005,0,-,3595,
1644418005,0,-,3596,
1644418007,0,-,3597,
1644418007,0,-,3598,
1644418007,0,-,3599,
1644418007,0,-,3600,
1644418007,0,-,3601,
1644418008,0,-,3602,
1644418009,0,-,3603,
1644418009,0,-,3604,
1644418009,0,-,3605,
1644418009,0,-,3606,
1644418009,0,-,3607,
1644418009,0,-,3608,
1644418009,0,-,3609,
1644418009,0,-,3610,
1644418009,0,-,3611,
1644418009,0,-,3612,
1644418009,0,-,3613,
1644418009,0,-,3614,
1644418009,0,-,3615,
1644418010,0,-,3616,
1644418010,0,-,3617,
1644418010,0,-,3618,
1644418010,0,-,3619,
1644418011,0,-,3620,
1644418011,0,-,3621,
1644418011,0,-,3622,
1644418011,0,-,3623,
1644418011,0,-,3624,
1644418011,0,-,3625,
1644418011,0,-,3626,
1644418011,0,-,3627,
1644418011,0,-,3628,
1644418011,0,-,3629,
1644418011,0,-,3630,
1644418011,0,-,3631,
1644418011,0,-,3632,
1644418011,0,-,3633,
1644418011,0,-,3634,
1644418011,0,-,3635,
1644418011,0,-,3636,
1644418011,0,-,3637,
1644418011,0,-,3638,
1644418011,0,-,3639,
